time 	 p1 	 p2 	 dp
1588972689	0.032613	0.010456	-0.022157
1588972689	0.012448	0.000747	-0.011701
1588972689	0.004979	-0.013444	-0.018423
1588972689	0.001494	-0.015435	-0.016929
1588972689	-0.003983	-0.014439	-0.010456
1588972689	0.040082	-0.006971	-0.047053
1588972689	0.022655	-0.012697	-0.035352
1588972689	0.00946	-0.024149	-0.033609
1588972689	0.009709	-0.01419	-0.0239
1588972690	0.016929	-0.025891	-0.04282
1588972690	0.035601	0.002987	-0.032613
1588972690	0.032364	-0.009211	-0.041575
1588972690	0.013941	-0.015684	-0.029626
1588972690	0.026638	-0.011452	-0.03809
1588972690	0.030373	-0.002241	-0.032613
1588972690	0.027136	-0.004979	-0.032115
1588972690	0.025393	-0.018174	-0.043567
1588972690	0.029626	-0.020663	-0.050289
1588972690	0.016929	-0.006971	-0.0239
1588972691	0.032862	-0.006971	-0.039833
1588972691	0.037841	0.004232	-0.033609
1588972691	0.044812	-0.008713	-0.053525
1588972691	0.024149	0.005726	-0.018423
1588972691	0.023651	0.008464	-0.015186
1588972691	0.049293	-0.008962	-0.058255
1588972691	0.026638	0.013195	-0.013444
1588972691	0.025393	-0.000498	-0.025891
1588972691	0.031617	-0.011452	-0.043069
1588972691	0.028132	0.007967	-0.020165
1588972692	0.022406	-0.012697	-0.035103
1588972692	0.028381	-0.008713	-0.037094
1588972692	0.003734	0.007718	0.003983
1588972692	0.010456	0.006224	-0.004232
1588972692	0.004481	0.01195	0.007469
1588972692	0.036347	-0.005228	-0.041575
1588972692	0.029128	0.012697	-0.016431
1588972692	0.041824	-0.005477	-0.047301
1588972692	0.0239	-0.023402	-0.047301
1588972692	0.048546	0.017427	-0.031119
1588972693	0.025393	-0.004481	-0.029875
1588972693	0.034356	-0.001245	-0.035601
1588972693	0.047301	-0.000996	-0.048297
1588972693	0.027634	-0.00249	-0.030124
1588972693	0.04531	-0.013444	-0.058753
1588972693	0.029626	-0.014937	-0.044563
1588972693	0.04755	-0.024896	-0.072446
1588972693	0.053027	-0.017925	-0.070952
1588972693	0.025642	-0.010207	-0.03585
1588972693	0.039335	0.001743	-0.037592
1588972694	0.040829	-0.013195	-0.054023
1588972694	0.05253	-0.007967	-0.060496
1588972694	0.03809	-0.002739	-0.040829
1588972694	0.060994	-0.006722	-0.067716
1588972694	0.036845	0.007967	-0.028879
1588972694	0.018423	-0.022406	-0.040829
1588972694	0.024647	-0.008713	-0.03336
1588972694	0.018423	-0.005228	-0.023651
1588972694	0.014937	-0.009958	-0.024896
1588972694	0.027136	-0.006473	-0.033609
1588972695	0.037592	0.003236	-0.034356
1588972695	0.025144	-0.003983	-0.029128
1588972695	0.03336	0.01195	-0.02141
1588972695	0.020912	-0.002987	-0.0239
1588972695	0.025642	-0.01917	-0.044812
1588972695	0.025393	0.013444	-0.01195
1588972695	0.012199	-0.01195	-0.024149
1588972695	0.036845	0.001992	-0.034854
1588972695	0.031368	0.01668	-0.014688
1588972695	0.024647	0.004979	-0.019667
1588972696	0.027136	0.000996	-0.02614
1588972696	0.026638	0.017925	-0.008713
1588972696	0.054023	0.005726	-0.048297
1588972696	0.049791	0.022655	-0.027136
1588972696	0.032613	0.009211	-0.023402
1588972696	0.032115	0.015684	-0.016431
1588972696	0.039086	-0.008464	-0.04755
1588972696	0.048048	0.000996	-0.047053
1588972696	0.045061	-0.012448	-0.057509
1588972696	0.043069	0.001743	-0.041327
1588972697	0.029875	0.009709	-0.020165
1588972697	0.027634	0.008713	-0.018921
1588972697	-0.012946	0.007967	0.020912
1588972697	0.036347	0.018672	-0.017676
1588972697	0.029377	0.016929	-0.012448
1588972697	0.033609	0.022655	-0.010954
1588972697	0.04282	0.010207	-0.032613
1588972697	0.019916	0.012946	-0.006971
1588972697	0.049791	0.022904	-0.026887
1588972697	0.045808	0.040331	-0.005477
1588972698	0.076927	0.024896	-0.052032
1588972698	0.041327	0.01917	-0.022157
1588972698	0.051783	0.009211	-0.042571
1588972698	0.062488	0.022157	-0.040331
1588972698	0.052281	0.026638	-0.025642
1588972698	0.075931	0.036845	-0.039086
1588972698	0.072944	0.014937	-0.058007
1588972698	0.055019	0.018174	-0.036845
1588972698	0.059251	0.021161	-0.03809
1588972698	0.060247	0.025144	-0.035103
1588972699	0.075184	0.012199	-0.062986
1588972699	0.049542	0.027385	-0.022157
1588972699	0.057011	0.033111	-0.0239
1588972699	0.06199	0.0595	-0.00249
1588972699	0.057509	0.033858	-0.023651
1588972699	0.074935	0.040082	-0.034854
1588972699	0.066222	0.043816	-0.022406
1588972699	0.072197	0.011452	-0.060745
1588972699	0.069956	0.03585	-0.034107
1588972699	0.076429	0.048795	-0.027634
1588972700	0.062239	0.03585	-0.026389
1588972700	0.084147	0.036596	-0.04755
1588972700	0.087632	0.01668	-0.070952
1588972700	0.048795	0.020663	-0.028132
1588972700	0.044314	0.019916	-0.024398
1588972700	0.042322	0.020414	-0.021908
1588972700	0.060994	0.014688	-0.046306
1588972700	0.07618	0.032364	-0.043816
1588972700	0.070952	0.008962	-0.06199
1588972701	0.071948	0.030124	-0.041824
1588972701	0.05004	0.055517	0.005477
1588972701	0.057011	0.02863	-0.028381
1588972701	0.061741	0.016929	-0.044812
1588972701	0.085143	0.000249	-0.084894
1588972701	0.055268	0.019916	-0.035352
1588972701	0.056015	0.039335	-0.01668
1588972701	0.078421	0.039335	-0.039086
1588972701	0.077425	0.018921	-0.058504
1588972701	0.042571	0.03087	-0.011701
1588972701	0.066969	0.036098	-0.03087
1588972702	0.049542	0.004481	-0.045061
1588972702	0.067716	0.046057	-0.021659
1588972702	0.050538	0.026638	-0.0239
1588972702	0.061741	0.006224	-0.055517
1588972702	0.070952	0.024647	-0.046306
1588972702	0.072197	-0.001245	-0.073442
1588972702	0.037094	0.023402	-0.013693
1588972702	0.062239	0.028381	-0.033858
1588972702	0.055766	0.021908	-0.033858
1588972702	0.06199	0.02863	-0.03336
1588972703	0.057509	0.011701	-0.045808
1588972703	0.047799	0.017427	-0.030373
1588972703	0.06199	0.025144	-0.036845
1588972703	0.064728	0.013195	-0.051534
1588972703	0.048297	0.037343	-0.010954
1588972703	0.050538	0.031368	-0.01917
1588972703	0.07394	0.037343	-0.036596
1588972703	0.06672	0.022406	-0.044314
1588972703	0.06672	0.019916	-0.046804
1588972703	0.064977	0.008713	-0.056264
1588972704	0.058504	0.000747	-0.057758
1588972704	0.044563	0.014439	-0.030124
1588972704	0.057011	0.02863	-0.028381
1588972704	0.061741	0.019916	-0.041824
1588972704	0.066969	0.004232	-0.062737
1588972704	0.053774	0.007967	-0.045808
1588972704	0.075931	0.019916	-0.056015
1588972704	0.059251	0.033111	-0.02614
1588972704	0.060745	0.022655	-0.03809
1588972704	0.060247	0.011203	-0.049044
1588972705	0.068712	0.010207	-0.058504
1588972705	0.039584	0.006224	-0.03336
1588972705	0.065226	0.025144	-0.040082
1588972705	0.065475	0.026887	-0.038588
1588972705	0.055019	0.001494	-0.053525
1588972705	0.072944	0.020414	-0.05253
1588972705	0.059998	0.012199	-0.047799
1588972705	0.076429	0.023153	-0.053276
1588972705	0.049791	0.024149	-0.025642
1588972705	0.058753	0.022406	-0.036347
1588972706	0.06423	0.032364	-0.031866
1588972706	0.043816	0.025642	-0.018174
1588972706	0.041824	0.012946	-0.028879
1588972706	0.062986	0.03809	-0.024896
1588972706	0.044065	0.04531	0.001245
1588972706	0.069707	0.011701	-0.058007
1588972706	0.044314	0.015435	-0.028879
1588972706	0.069458	-0.007718	-0.077176
1588972706	0.051036	0.018174	-0.032862
1588972706	0.07145	0.014688	-0.056762
1588972707	0.054272	0.020912	-0.03336
1588972707	0.051036	0.035103	-0.015933
1588972707	0.046804	0.022655	-0.024149
1588972707	0.058007	0.027136	-0.03087
1588972707	0.054023	0.004232	-0.049791
1588972707	0.051534	0.024896	-0.026638
1588972707	0.059749	0.025891	-0.033858
1588972707	0.048297	-0.000498	-0.048795
1588972707	0.029626	0.020165	-0.00946
1588972707	0.056015	-0.000498	-0.056513
1588972708	0.045061	-0.00249	-0.04755
1588972708	0.019418	0.012448	-0.006971
1588972708	0.052032	0.026389	-0.025642
1588972708	0.045061	0.027136	-0.017925
1588972708	0.04531	0.012199	-0.033111
1588972708	0.028381	0.003983	-0.024398
1588972708	0.045061	-0.010456	-0.055517
1588972708	0.04755	0.007718	-0.039833
1588972708	0.030124	0.00473	-0.025393
1588972708	0.072695	0.029377	-0.043318
1588972709	0.052778	-0.011203	-0.063981
1588972709	0.041575	-0.010705	-0.052281
1588972709	0.04282	0.008216	-0.034605
1588972709	0.020912	-0.001494	-0.022406
1588972709	0.029875	-0.00722	-0.037094
1588972709	0.033111	-0.01195	-0.045061
1588972709	0.054272	0.024647	-0.029626
1588972709	0.027385	-0.028381	-0.055766
1588972709	0.015186	0.009958	-0.005228
1588972709	0.039833	-0.000498	-0.040331
1588972710	0.046804	-0.021161	-0.067965
1588972710	0.035103	-0.00473	-0.039833
1588972710	0.025144	0.018174	-0.006971
1588972710	0.028381	-0.011203	-0.039584
1588972710	0.01419	-0.027634	-0.041824
1588972710	0.011701	-0.019418	-0.031119
1588972710	0.03087	-0.043069	-0.07394
1588972710	0.022157	-0.00946	-0.031617
1588972710	0.026887	0.001992	-0.024896
1588972710	0.042073	0.00946	-0.032613
1588972711	0.034854	-0.013195	-0.048048
1588972711	0.031866	0.000249	-0.031617
1588972711	0.020663	0.002987	-0.017676
1588972711	0.009211	-0.028879	-0.03809
1588972711	0.039086	0.001992	-0.037094
1588972711	0.018174	-0.00473	-0.022904
1588972711	0.024149	-0.022655	-0.046804
1588972711	0.031866	-0.02141	-0.053276
1588972711	0.018423	-0.023402	-0.041824
1588972711	0.022406	-0.024647	-0.047053
1588972712	0.022406	-0.023153	-0.045559
1588972712	0.037094	-0.025144	-0.062239
1588972712	0.023402	-0.031866	-0.055268
1588972712	0.023651	-0.035103	-0.058753
1588972712	0.039833	-0.055766	-0.095599
1588972712	0.022406	-0.00946	-0.031866
1588972712	0.015684	-0.013195	-0.028879
1588972712	0.008216	-0.018174	-0.026389
1588972712	0.042322	-0.021659	-0.063981
1588972712	0.041575	-0.034605	-0.07618
1588972713	0.031617	-0.018672	-0.050289
1588972713	-0.005975	-0.035601	-0.029626
1588972713	0.010954	-0.017676	-0.02863
1588972713	0.015684	-0.016182	-0.031866
1588972713	0.013444	-0.009211	-0.022655
1588972713	0.013941	-0.029626	-0.043567
1588972713	0.004232	-0.039833	-0.044065
1588972713	0.022406	-0.021659	-0.044065
1588972713	0.025642	-0.009211	-0.034854
1588972713	0.001494	-0.006722	-0.008216
1588972714	0.009709	-0.005975	-0.015684
1588972714	0.011203	-0.019418	-0.030621
1588972714	0.017427	-0.012697	-0.030124
1588972714	-0.010456	-0.00249	0.007967
1588972714	0.014688	-0.020663	-0.035352
1588972714	-0.001494	-0.033609	-0.032115
1588972714	-0.00722	-0.022904	-0.015684
1588972714	-0.00249	-0.018921	-0.016431
1588972714	0.00722	-0.02141	-0.02863
1588972714	0.018174	0.020414	0.002241
1588972715	-0.023153	-0.029875	-0.006722
1588972715	0.011203	-0.02863	-0.039833
1588972715	0.013444	-0.021161	-0.034605
1588972715	0.023402	0.008713	-0.014688
1588972715	0.013444	-0.034107	-0.04755
1588972715	0.017427	-0.032115	-0.049542
1588972715	0.01195	-0.023651	-0.035601
1588972715	-0.012448	-0.032364	-0.019916
1588972715	0.012697	-0.018921	-0.031617
1588972715	-0.01668	-0.026887	-0.010207
1588972716	-0.008962	-0.028132	-0.01917
1588972716	-0.019418	-0.036845	-0.017427
1588972716	-0.031119	-0.034605	-0.003485
1588972716	0.001743	-0.050289	-0.052032
1588972716	0.003236	-0.030124	-0.03336
1588972716	0.011203	-0.02614	-0.037343
1588972716	-0.005975	-0.038837	-0.032862
1588972716	0.003236	-0.059749	-0.062986
1588972716	-0.001494	-0.058007	-0.056513
1588972716	-0.007967	-0.048297	-0.040331
1588972717	-0.005228	-0.047301	-0.042073
1588972717	0.004979	-0.029377	-0.034356
1588972717	-0.006473	-0.042322	-0.03585
1588972717	-0.018174	-0.062239	-0.044065
1588972717	0.011452	-0.044563	-0.056015
1588972717	-0.006224	-0.055268	-0.049044
1588972717	-0.002739	-0.021161	-0.018423
1588972717	0.010456	-0.049044	-0.0595
1588972717	0.006971	-0.022157	-0.029128
1588972717	0.002241	-0.022904	-0.025144
1588972718	0.000249	-0.028879	-0.029128
1588972718	0.016182	-0.031866	-0.048048
1588972718	-0.012448	-0.039086	-0.026638
1588972718	0.010207	-0.051036	-0.061243
1588972718	0.013941	-0.037841	-0.051783
1588972718	-0.004232	-0.033858	-0.029626
1588972718	0.011701	-0.055766	-0.067467
1588972718	-0.011203	-0.03336	-0.022157
1588972718	-0.012946	-0.04755	-0.034605
1588972719	-0.003485	-0.034107	-0.030621
1588972719	-0.039833	-0.029128	0.010705
1588972719	0.007967	-0.022904	-0.03087
1588972719	-0.016182	-0.046306	-0.030124
1588972719	-0.013693	-0.079168	-0.065475
1588972719	0.010954	-0.071948	-0.082902
1588972719	0.023651	-0.035103	-0.058753
1588972719	0.012199	-0.057509	-0.069707
1588972719	0.011452	-0.053276	-0.064728
1588972719	-0.001992	-0.043567	-0.041575
1588972719	0.009709	-0.027136	-0.036845
1588972720	0.006971	0.000498	-0.006473
1588972720	0.010207	-0.036596	-0.046804
1588972720	0.030124	-0.050538	-0.080661
1588972720	0.022655	-0.032115	-0.05477
1588972720	0.015684	-0.02614	-0.041824
1588972720	0.013195	-0.082155	-0.09535
1588972720	-0.027385	-0.341815	-0.31443
1588972720	-0.04282	-0.364968	-0.322148
1588972720	-0.022904	-0.462807	-0.439904
1588972720	-0.018672	-0.459322	-0.44065
1588972721	-0.003734	-0.515088	-0.511354
1588972721	0.001992	-0.526291	-0.528283
1588972721	-0.010705	-0.521561	-0.510856
1588972721	-0.009709	-0.538241	-0.528532
1588972721	-0.018174	-0.550689	-0.532515
1588972721	0.020165	-0.457579	-0.477745
1588972721	0.026389	-0.312439	-0.338828
1588972721	0.033858	-0.159829	-0.193687
1588972721	0.031119	-0.128959	-0.160078
1588972721	0.043567	-0.003485	-0.047053
1588972722	0.054272	0.01668	-0.037592
1588972722	0.050289	0.008216	-0.042073
1588972722	0.023153	0.03087	0.007718
1588972722	0.048795	0.026887	-0.021908
1588972722	0.058007	0.009958	-0.048048
1588972722	0.065475	0.061741	-0.003734
1588972722	0.049044	0.026887	-0.022157
1588972722	0.060496	0.03336	-0.027136
1588972722	0.056513	0.018423	-0.03809
1588972722	0.052778	0.019667	-0.033111
1588972723	0.07145	0.05477	-0.01668
1588972723	0.06199	0.093358	0.031368
1588972723	0.013444	0.258166	0.244723
1588972723	-0.027883	0.285303	0.313185
1588972723	-0.040082	0.332355	0.372437
1588972723	-0.028132	0.369698	0.39783
1588972723	-0.028381	0.360736	0.389117
1588972723	-0.020912	0.295012	0.315924
1588972723	0.008464	0.278332	0.269867
1588972724	0.011452	0.249453	0.238001
1588972724	0.006971	0.206135	0.199164
1588972724	0.032862	0.172526	0.139664
1588972724	0.040082	0.148626	0.108544
1588972724	0.037592	0.122237	0.084645
1588972724	0.064977	0.145639	0.080661
1588972724	0.066969	0.099582	0.032613
1588972724	0.077923	0.075184	-0.002739
1588972724	0.046306	0.074935	0.02863
1588972724	0.05004	0.042571	-0.007469
1588972724	0.058504	0.052032	-0.006473
1588972725	0.079417	0.028879	-0.050538
1588972725	0.059251	0.035601	-0.023651
1588972725	0.070703	0.017427	-0.053276
1588972725	0.056264	0.029377	-0.026887
1588972725	0.057011	0.015933	-0.041078
1588972725	0.05004	0.030373	-0.019667
1588972725	0.070454	0.020912	-0.049542
1588972725	0.055019	0.013444	-0.041575
1588972725	0.041327	-0.037592	-0.078919
1588972725	0.031368	-0.076429	-0.107798
1588972726	0.025393	-0.244225	-0.269618
1588972726	0.001494	-0.411523	-0.413016
1588972726	-0.002739	-0.385134	-0.382395
1588972726	-0.010207	-0.364968	-0.354761
1588972726	-0.001743	-0.34082	-0.339077
1588972726	0.016182	-0.329368	-0.34555
1588972726	-0.005975	-0.328123	-0.322148
1588972726	-0.008216	-0.35974	-0.351525
1588972726	0.009958	-0.308206	-0.318165
1588972726	0.01195	-0.25493	-0.26688
1588972727	0.019667	-0.17626	-0.195928
1588972727	0.018921	-0.166053	-0.184974
1588972727	0.020912	-0.136427	-0.15734
1588972727	0.042571	-0.053525	-0.096097
1588972727	0.049293	-0.001992	-0.051285
1588972727	0.02141	-0.015186	-0.036596
1588972727	0.03809	0.010705	-0.027385
1588972727	0.047301	-0.001245	-0.048546
1588972727	0.024647	-0.014937	-0.039584
1588972727	0.050289	-0.000747	-0.051036
1588972728	0.04755	0.017925	-0.029626
1588972728	0.036845	0.007967	-0.028879
1588972728	0.045061	0.01668	-0.028381
1588972728	0.039086	0.005477	-0.033609
1588972728	0.034356	0.000996	-0.03336
1588972728	0.038339	-0.006971	-0.04531
1588972728	0.054023	0.005477	-0.048546
1588972728	0.017925	0.135183	0.117258
1588972728	-0.047301	0.296008	0.343309
1588972729	-0.053525	0.336338	0.389864
1588972729	-0.058753	0.311692	0.370445
1588972729	-0.034107	0.268374	0.30248
1588972729	-0.02614	0.258913	0.285054
1588972729	-0.014937	0.238499	0.253436
1588972729	-0.002987	0.215097	0.218085
1588972729	0.006473	0.164061	0.157589
1588972729	-0.001743	0.141406	0.143149
1588972729	0.021659	0.176011	0.154352
1588972729	0.041575	0.119996	0.078421
1588972729	0.036596	0.096097	0.0595
1588972730	0.042322	0.041575	-0.000747
1588972730	0.029626	0.02863	-0.000996
1588972730	0.05253	0.032364	-0.020165
1588972730	0.044065	0.016929	-0.027136
1588972730	0.076927	0.016182	-0.060745
1588972730	0.040082	0.020165	-0.019916
1588972730	0.041575	0.02614	-0.015435
1588972730	0.051036	0.025642	-0.025393
1588972730	0.037592	-0.011701	-0.049293
1588972730	0.03809	0.000747	-0.037343
1588972731	0.048795	0.015684	-0.033111
1588972731	0.052032	0.022904	-0.029128
1588972731	0.095848	0.005975	-0.089873
1588972731	0.053027	0.008713	-0.044314
1588972731	0.058504	-0.114519	-0.173024
1588972731	0.004232	-0.42173	-0.425962
1588972731	-0.005477	-0.581061	-0.575584
1588972731	-0.01917	-0.514839	-0.49567
1588972731	0.001494	-0.470774	-0.472268
1588972731	0.008216	-0.40505	-0.413265
1588972732	0.023402	-0.427705	-0.451107
1588972732	-0.000747	-0.377416	-0.376669
1588972732	0.017676	-0.311692	-0.329368
1588972732	0.034605	-0.273602	-0.308206
1588972732	0.049542	-0.211363	-0.260905
1588972732	0.020414	-0.16431	-0.184725
1588972732	0.037841	-0.094603	-0.132444
1588972732	0.046057	-0.029875	-0.075931
1588972732	0.06921	-0.012199	-0.081408
1588972732	0.062986	-0.004232	-0.067218
1588972733	0.036596	0.012448	-0.024149
1588972733	0.046804	0.032862	-0.013941
1588972733	0.041327	0	-0.041327
1588972733	0.049044	0.024896	-0.024149
1588972733	0.057758	0.037094	-0.020663
1588972733	0.063235	0.046804	-0.016431
1588972733	0.060496	0.00249	-0.058007
1588972733	0.058753	0.061741	0.002987
1588972733	0.013941	0.212359	0.198417
1588972733	0.000996	0.267129	0.266133
1588972734	-0.038588	0.366711	0.405299
1588972734	-0.053774	0.357251	0.411025
1588972734	-0.043816	0.29078	0.334596
1588972734	-0.032613	0.263643	0.296257
1588972734	-0.011452	0.199164	0.210616
1588972734	-0.020414	0.21211	0.232524
1588972734	0.01419	0.180243	0.166053
1588972734	0.012697	0.131448	0.118752
1588972734	0.020414	0.126967	0.106553
1588972734	-0.005726	0.107798	0.113524
1588972735	0.039335	0.097839	0.058504
1588972735	0.02863	0.060247	0.031617
1588972735	0.038339	0.05726	0.018921
1588972735	0.036098	0.039833	0.003734
1588972735	0.04282	-0.00473	-0.04755
1588972735	0.054521	-0.008713	-0.063235
1588972735	0.068712	0.014439	-0.054272
1588972735	0.048795	0.019916	-0.028879
1588972735	0.042073	0.010954	-0.031119
1588972735	0.044812	0.020414	-0.024398
1588972736	0.051534	0.012448	-0.039086
1588972736	0.033111	0.025642	-0.007469
1588972736	0.042073	-0.016431	-0.058504
1588972736	0.050538	0.030621	-0.019916
1588972736	0.05253	0.027136	-0.025393
1588972736	0.038588	0.017925	-0.020663
1588972736	0.04282	0.027385	-0.015435
1588972736	0.05004	-0.016431	-0.066471
1588972736	0.038588	-0.112279	-0.150867
1588972736	0.024647	-0.354761	-0.379408
1588972737	0.000249	-0.450858	-0.451107
1588972737	-0.005975	-0.428203	-0.422228
1588972737	0.00722	-0.419489	-0.426709
1588972737	0.012448	-0.379408	-0.391855
1588972737	0.024149	-0.316173	-0.340322
1588972737	0.045559	-0.329865	-0.375424
1588972737	0.041327	-0.280074	-0.321401
1588972737	0.026389	-0.229786	-0.256175
1588972737	0.033609	-0.10954	-0.143149
1588972737	0.030373	-0.066471	-0.096844
1588972738	0.05253	-0.034854	-0.087383
1588972738	0.051534	0.011701	-0.039833
1588972738	0.07145	0.01668	-0.05477
1588972738	0.075433	0.015684	-0.059749
1588972738	0.062737	0.01668	-0.046057
1588972738	0.091367	0.04531	-0.046057
1588972738	0.071201	0.018921	-0.052281
1588972738	0.050289	0.005975	-0.044314
1588972738	0.048546	-0.000747	-0.049293
1588972738	0.041575	0.030373	-0.011203
1588972739	0.063484	0.051036	-0.012448
1588972739	0.037343	0.100578	0.063235
1588972739	0.017676	0.148626	0.13095
1588972739	-0.037343	0.382395	0.419738
1588972739	-0.056513	0.406544	0.463056
1588972739	-0.065475	0.395839	0.461314
1588972739	-0.040082	0.375424	0.415506
1588972739	-0.028132	0.316422	0.344554
1588972739	0.024398	0.315675	0.291277
1588972739	0.006224	0.247212	0.240989
1588972740	0.015435	0.210616	0.195181
1588972740	0.013195	0.214848	0.201654
1588972740	0.036596	0.158584	0.121988
1588972740	0.023402	0.153356	0.129955
1588972740	0.02141	0.1073	0.08589
1588972740	0.037841	0.124975	0.087134
1588972740	0.044065	0.088628	0.044563
1588972740	0.062737	0.070205	0.007469
1588972740	0.069707	0.073193	0.003485
1588972740	0.058753	0.046306	-0.012448
1588972741	0.065226	0.03809	-0.027136
1588972741	0.06199	0.031368	-0.030621
1588972741	0.058753	0.024398	-0.034356
1588972741	0.058504	0.026638	-0.031866
1588972741	0.035103	0.03809	0.002987
1588972741	0.043567	0.03336	-0.010207
1588972741	0.067965	0.038837	-0.029128
1588972741	0.035352	0.022406	-0.012946
1588972741	-0.001245	0.025642	0.026887
1588972741	0.057758	0.008713	-0.049044
1588972742	0.044563	-0.088628	-0.133191
1588972742	0.015186	-0.460816	-0.476002
1588972742	-0.000996	-0.530025	-0.52903
1588972742	0.00249	-0.507121	-0.509611
1588972742	-0.000498	-0.471521	-0.471023
1588972742	0.000996	-0.435671	-0.436667
1588972742	0.013941	-0.371939	-0.38588
1588972742	0.011203	-0.396088	-0.407291
1588972742	0.022655	-0.35028	-0.372935
1588972742	0.01917	-0.304472	-0.323642
1588972743	0.022904	-0.262399	-0.285303
1588972743	0.036596	-0.197421	-0.234018
1588972743	0.043567	-0.144145	-0.187712
1588972743	0.053276	-0.115266	-0.168543
1588972743	0.052032	-0.032115	-0.084147
1588972743	0.073193	-0.019916	-0.093109
1588972743	0.056513	-0.026638	-0.083151
1588972743	0.046555	-0.006224	-0.052778
1588972743	0.053276	-0.015186	-0.068463
1588972743	0.061243	-0.000249	-0.061492
1588972744	0.069956	-0.004232	-0.074189
1588972744	0.037094	0.01195	-0.025144
1588972744	0.087632	0.016431	-0.071201
1588972744	0.039086	0.041575	0.00249
1588972744	0.049044	0.059998	0.010954
1588972744	0.020912	0.173024	0.152112
1588972744	0.00946	0.26912	0.25966
1588972744	-0.039335	0.333102	0.372437
1588972744	-0.036347	0.347541	0.383889
1588972744	-0.015684	0.312688	0.328372
1588972745	-0.017427	0.282813	0.30024
1588972745	-0.026389	0.279079	0.305468
1588972745	-0.026389	0.241486	0.267876
1588972745	-0.034356	0.232773	0.267129
1588972745	0.019418	0.197919	0.178501
1588972745	0.020663	0.175015	0.154352
1588972745	0.01419	0.144394	0.130204
1588972745	0.020663	0.126469	0.105806
1588972745	0.028381	0.109042	0.080661
1588972745	0.056762	0.077923	0.021161
1588972746	0.076429	0.067467	-0.008962
1588972746	0.053525	0.028381	-0.025144
1588972746	0.056513	0.055268	-0.001245
1588972746	0.032364	0.037094	0.00473
1588972746	0.037592	0.013444	-0.024149
1588972746	0.041327	0.026389	-0.014937
1588972746	0.061243	0.027385	-0.033858
1588972746	0.049293	-0.016929	-0.066222
1588972746	0.052032	0.029875	-0.022157
1588972746	0.057758	0.02863	-0.029128
1588972747	0.058007	0.018921	-0.039086
1588972747	0.060247	0.008713	-0.051534
1588972747	0.049542	0.013444	-0.036098
1588972747	0.032862	0.01917	-0.013693
1588972747	0.046057	0.027634	-0.018423
1588972747	0.048048	-0.006722	-0.05477
1588972747	0.052778	0.016929	-0.03585
1588972747	0.06672	0.008464	-0.058255
1588972747	0.060247	-0.002739	-0.062986
1588972747	0.060496	-0.014937	-0.075433
1588972748	0.023651	-0.311941	-0.335591
1588972748	0.030373	-0.450111	-0.480483
1588972748	0.012448	-0.487952	-0.5004
1588972748	0.011701	-0.442891	-0.454592
1588972748	0.003734	-0.341815	-0.34555
1588972748	0.040829	-0.313185	-0.354014
1588972748	0.032862	-0.277087	-0.309949
1588972748	0.038588	-0.260158	-0.298746
1588972748	0.036098	-0.196923	-0.233022
1588972748	0.045559	-0.186218	-0.231777
1588972749	0.051783	-0.045061	-0.096844
1588972749	0.042571	0.027136	-0.015435
1588972749	0.077425	0.026638	-0.050787
1588972749	0.043069	0.040829	-0.002241
1588972749	0.044812	0.025642	-0.01917
1588972749	0.056762	0.04058	-0.016182
1588972749	0.049044	0.013195	-0.03585
1588972749	0.060496	0.009958	-0.050538
1588972749	0.07394	0.04058	-0.03336
1588972749	0.0595	0.03087	-0.02863
1588972750	0.060994	0.024398	-0.036596
1588972750	0.059998	0.014439	-0.045559
1588972750	0.074438	0.025393	-0.049044
1588972750	0.053525	0.041824	-0.011701
1588972750	0.060994	0.007469	-0.053525
1588972750	0.052032	0.102072	0.05004
1588972750	0.02863	0.250449	0.221819
1588972750	-0.011701	0.299742	0.311443
1588972750	-0.026887	0.304223	0.33111
1588972750	-0.033609	0.33584	0.369449
1588972751	0.004979	0.274597	0.269618
1588972751	0.01668	0.236756	0.220076
1588972751	0.013195	0.235014	0.221819
1588972751	0.048297	0.171032	0.122735
1588972751	0.04058	0.153107	0.112528
1588972751	0.047799	0.13817	0.090371
1588972751	0.055766	0.137174	0.081408
1588972751	0.060745	0.082902	0.022157
1588972751	0.056015	0.02863	-0.027385
1588972751	0.060994	0.0239	-0.037094
1588972752	0.048297	0.024647	-0.023651
1588972752	0.070703	0.03336	-0.037343
1588972752	0.069956	0.046555	-0.023402
1588972752	0.061492	0.011452	-0.05004
1588972752	0.063732	0.048297	-0.015435
1588972752	0.074438	0.045061	-0.029377
1588972752	0.068463	0.044314	-0.024149
1588972752	0.05253	0.047301	-0.005228
1588972752	0.05477	0.038588	-0.016182
1588972752	0.067716	0.034107	-0.033609
1588972753	0.070703	0.024398	-0.046306
1588972753	0.043816	0.047053	0.003236
1588972753	0.065226	0.071699	0.006473
1588972753	0.07394	0.038588	-0.035352
1588972753	0.084147	0.053027	-0.031119
1588972753	0.069458	0.055517	-0.013941
1588972753	0.068214	0.062737	-0.005477
1588972753	0.042322	0.044812	0.00249
1588972753	0.068712	0.041327	-0.027385
1588972753	0.046306	-0.016929	-0.063235
1588972754	0.037094	-0.132195	-0.169289
1588972754	0.047799	-0.24771	-0.29551
1588972754	0.02614	-0.244225	-0.270365
1588972754	0.052281	-0.224309	-0.276589
1588972754	0.050289	-0.199911	-0.2502
1588972754	0.066471	-0.1907	-0.257171
1588972754	0.056264	-0.167298	-0.223562
1588972754	0.067965	-0.127714	-0.195679
1588972754	0.082653	-0.125473	-0.208126
1588972754	0.068712	-0.121988	-0.1907
1588972755	0.060745	-0.11676	-0.177505
1588972755	0.060247	-0.034356	-0.094603
1588972755	0.075682	0.000498	-0.075184
1588972755	0.068463	0.016431	-0.052032
1588972755	0.069956	0.017925	-0.052032
1588972755	0.081657	0.025144	-0.056513
1588972755	0.081906	0.020414	-0.061492
1588972755	0.072944	0.017925	-0.055019
1588972755	0.070703	0.021908	-0.048795
1588972755	0.056762	0.061492	0.00473
1588972756	0.062737	0.065724	0.002987
1588972756	0.064728	0.063235	-0.001494
1588972756	0.064479	0.070205	0.005726
1588972756	0.093607	0.069956	-0.023651
1588972756	0.074935	0.088877	0.013941
1588972756	0.059002	0.21908	0.160078
1588972756	0.031617	0.306962	0.275344
1588972756	0.016182	0.312688	0.296505
1588972756	0.010705	0.312439	0.301734
1588972756	0.006971	0.284058	0.277087
1588972757	0.038339	0.277087	0.238748
1588972757	0.062239	0.216093	0.153854
1588972757	0.068961	0.252191	0.183231
1588972757	0.063732	0.221819	0.158086
1588972757	0.051534	0.204143	0.152609
1588972757	0.064479	0.14763	0.083151
1588972757	0.0834	0.101823	0.018423
1588972757	0.072197	0.099831	0.027634
1588972757	0.043816	0.10481	0.060994
1588972757	0.082404	0.083151	0.000747
1588972758	0.101574	0.054272	-0.047301
1588972758	0.066471	0.066222	-0.000249
1588972758	0.096595	0.056513	-0.040082
1588972758	0.075682	0.063732	-0.01195
1588972758	0.087383	0.069707	-0.017676
1588972758	0.075184	0.048546	-0.026638
1588972758	0.104312	0.06921	-0.035103
1588972758	0.115017	0.058504	-0.056513
1588972758	0.096595	0.046057	-0.050538
1588972758	0.091864	0.059002	-0.032862
1588972759	0.087632	0.054023	-0.033609
1588972759	0.08091	0.079666	-0.001245
1588972759	0.07394	0.077176	0.003236
1588972759	0.087632	0.05477	-0.032862
1588972759	0.097341	0.04531	-0.052032
1588972759	0.081657	-0.07867	-0.160327
1588972759	0.082902	-0.234267	-0.317169
1588972759	0.033609	-0.487952	-0.521561
1588972759	0.028381	-0.463554	-0.491935
1588972759	0.034605	-0.412021	-0.446625
1588972760	0.051285	-0.258415	-0.3097
1588972760	0.067467	-0.15734	-0.224806
1588972760	0.063484	-0.147879	-0.211363
1588972760	0.096595	-0.084147	-0.180741
1588972760	0.085143	-0.016929	-0.102072
1588972760	0.049542	-0.012199	-0.061741
1588972760	0.074935	0.049542	-0.025393
1588972760	0.088379	-0.009709	-0.098088
1588972760	0.076678	0.02141	-0.055268
1588972761	0.079915	0.022655	-0.05726
1588972761	0.082902	0.026389	-0.056513
1588972761	0.08091	0.0595	-0.02141
1588972761	0.078172	0.110536	0.032364
1588972761	0.062737	0.129955	0.067218
1588972761	0.063235	0.170783	0.107549
1588972761	-0.00722	0.413016	0.420236
1588972761	-0.020414	0.433431	0.453845
1588972761	-0.029377	0.452102	0.481479
1588972761	-0.01419	0.398577	0.412768
1588972761	0.001245	0.311692	0.310447
1588972762	0.037094	0.23103	0.193936
1588972762	0.056015	0.191695	0.135681
1588972762	0.075931	0.173024	0.097092
1588972762	0.065226	0.11203	0.046804
1588972762	0.078421	0.113275	0.034854
1588972762	0.046306	0.101823	0.055517
1588972762	0.064479	0.070454	0.005975
1588972762	0.066471	0.03336	-0.033111
1588972762	0.035103	0.002739	-0.032364
1588972762	0.054023	0.042322	-0.011701
1588972763	0.06672	0.063981	-0.002739
1588972763	0.070205	0.066969	-0.003236
1588972763	0.054272	0.063235	0.008962
1588972763	0.055268	0.056264	0.000996
1588972763	0.077923	0.037094	-0.040829
1588972763	0.08589	0.039833	-0.046057
1588972763	0.076927	0.060247	-0.01668
1588972763	0.079168	0.062488	-0.01668
1588972763	0.070952	0.055517	-0.015435
1588972763	0.088877	0.087632	-0.001245
1588972764	0.067218	0.037094	-0.030124
1588972764	0.071699	0.049293	-0.022406
1588972764	0.358246	0.478741	0.120494
1588972764	0.289037	0.314679	0.025642
1588972764	0.259909	0.305966	0.046057
1588972764	0.460816	0.560896	0.10008
1588972764	0.581808	0.71002	0.128212
1588972764	0.641308	0.781968	0.14066
1588972764	0.406295	0.450609	0.044314
1588972764	0.310447	0.306962	-0.003485
1588972765	0.402311	0.429448	0.027136
1588972765	-0.363474	-0.601724	-0.23825
1588972765	-2.260263	-3.244383	-0.984119
1588972765	-2.972275	-4.255389	-1.283114
1588972765	-4.390323	-6.096412	-1.706089
1588972765	-4.833961	-6.595816	-1.761855
1588972765	-5.12723	-7.203017	-2.075787
1588972765	-7.051902	-9.896213	-2.844312
1588972765	-7.212478	-9.941523	-2.729046
1588972765	-6.813403	-9.328596	-2.515193
1588972766	-5.118018	-7.134804	-2.016785
1588972766	-3.770923	-5.014951	-1.244029
1588972766	-1.953799	-2.626476	-0.672677
1588972766	-1.8704	-2.446731	-0.576331
1588972766	-0.656495	-0.841717	-0.185223
1588972766	-0.109789	-0.197172	-0.087383
1588972766	-0.15485	-0.232026	-0.077176
1588972766	-0.206882	-0.374677	-0.167796
1588972766	-0.600231	-0.802382	-0.202152
1588972766	-0.497412	-0.744127	-0.246714
1588972767	-0.2858	-0.489944	-0.204143
1588972767	-0.464301	-0.637574	-0.173273
1588972767	-1.21266	-1.666754	-0.454094
1588972767	-1.344606	-1.873138	-0.528532
1588972767	1.246269	1.689658	0.443389
1588972767	1.321205	2.056867	0.735662
1588972767	2.0728	2.922235	0.849435
1588972767	0.671183	1.458877	0.787694
1588972767	0.691846	1.584848	0.893002
1588972767	1.135982	2.155702	1.01972
1588972768	4.669899	6.329932	1.660032
1588972768	5.366476	7.182354	1.815878
1588972768	5.405064	7.229407	1.824343
1588972768	5.554188	7.440023	1.885835
1588972768	5.435934	7.239116	1.803182
1588972768	5.264653	6.963025	1.698372
1588972768	4.265098	5.570619	1.30552
1588972768	3.053185	4.065685	1.0125
1588972768	2.521666	3.396992	0.875326
1588972768	1.823347	2.371297	0.54795
1588972769	1.583852	2.059356	0.475504
1588972769	1.507921	1.940107	0.432186
1588972769	1.483523	1.937617	0.454094
1588972769	1.389418	1.786502	0.397083
1588972769	1.288343	1.669244	0.380901
1588972769	1.095153	1.421036	0.325882
1588972769	0.99831	1.289836	0.291526
1588972769	0.934826	1.177806	0.24298
1588972769	0.552431	0.639068	0.086636
1588972769	0.312439	0.24771	-0.064728
1588972770	0.216093	0.094852	-0.121241
1588972770	-0.054023	-0.348537	-0.294514
1588972770	-0.1429	-0.504881	-0.361981
1588972770	-0.164061	-0.50986	-0.345799
1588972770	-0.161821	-0.52903	-0.367209
1588972770	-0.239246	-0.691846	-0.4526
1588972770	-0.720227	-1.24851	-0.528283
1588972770	-2.627223	-3.676071	-1.048848
1588972770	-3.056173	-4.411733	-1.35556
1588972770	-3.429356	-4.671393	-1.242037
1588972771	-2.603074	-3.465704	-0.862629
1588972771	-1.871395	-2.594112	-0.722717
1588972771	-1.688662	-2.247069	-0.558406
1588972771	-0.920138	-1.227846	-0.307708
1588972771	-0.40978	-0.579567	-0.169787
1588972771	-0.38837	-0.519818	-0.131448
1588972771	-0.136427	-0.219329	-0.082902
1588972771	-0.060247	-0.153107	-0.09286
1588972771	-0.013195	-0.046057	-0.032862
1588972771	0.022406	0.029128	0.006722
1588972772	0.144643	0.177505	0.032862
1588972772	0.236258	0.299244	0.062986
1588972772	0.327874	0.47177	0.143896
1588972772	0.338828	0.527038	0.18821
1588972772	0.300987	0.561643	0.260656
1588972772	0.332106	0.666204	0.334098
1588972772	0.471023	0.840721	0.369698
1588972772	0.534258	0.885782	0.351525
1588972772	0.759313	1.235813	0.4765
1588972772	1.823596	2.448971	0.625375
1588972773	2.679504	3.498317	0.818813
1588972773	2.720581	3.601633	0.881052
1588972773	4.791638	6.405614	1.613976
1588972773	6.146701	8.197344	2.050643
1588972773	4.281529	5.414773	1.133244
1588972773	3.818224	5.007482	1.189258
1588972773	3.513005	4.643012	1.130007
1588972773	2.930201	3.810506	0.880305
1588972773	2.410632	3.126129	0.715497
1588972773	2.447726	3.221479	0.773752
1588972774	2.529384	3.292431	0.763047
1588972774	2.38499	3.111192	0.726202
1588972774	2.311548	3.022564	0.711016
1588972774	2.223916	2.891115	0.6672
1588972774	2.17761	2.830619	0.653009
1588972774	2.015042	2.595855	0.580812
1588972774	1.869155	2.438017	0.568862
1588972774	0.763545	0.918644	0.155099
1588972774	0.563385	0.631599	0.068214
1588972774	0.377416	0.373682	-0.003734
1588972775	0.134436	-0.085641	-0.220076
1588972775	-0.118254	-0.431688	-0.313434
1588972775	-0.134187	-0.517827	-0.38364
1588972775	-0.130701	-0.502391	-0.37169
1588972775	-0.12398	-0.494176	-0.370196
1588972775	-0.422975	-0.808606	-0.385631
1588972775	-1.761606	-2.589382	-0.827776
1588972775	-2.007823	-2.937421	-0.929598
1588972775	-3.009618	-4.281778	-1.27216
1588972775	-3.862289	-5.351289	-1.489
1588972776	-4.110995	-5.655513	-1.544517
1588972776	-4.057221	-5.456846	-1.399625
1588972776	-3.615326	-4.940762	-1.325437
1588972776	-2.739253	-3.705198	-0.965946
1588972776	-2.454199	-3.32828	-0.874081
1588972776	-1.989649	-2.584652	-0.595003
1588972776	-1.251248	-1.688164	-0.436916
1588972776	-0.895989	-1.21515	-0.31916
1588972776	-0.845202	-1.222867	-0.377665
1588972776	-1.042624	-1.451159	-0.408535
1588972777	-0.670934	-0.896238	-0.225304
1588972777	-0.408286	-0.573344	-0.165057
1588972777	0.192193	0.291277	0.099084
1588972777	0.468782	0.679149	0.210367
1588972777	0.487703	0.775744	0.288041
1588972777	0.45036	0.721472	0.271112
1588972777	0.360238	0.755579	0.395341
1588972777	0.444883	0.919391	0.474508
1588972777	0.567369	0.963207	0.395839
1588972777	0.599235	1.08171	0.482475
1588972778	1.229091	2.021266	0.792175
1588972778	3.452509	4.655709	1.2032
1588972778	3.572007	4.739358	1.16735
1588972778	3.781628	5.001508	1.21988
1588972778	5.748622	7.636946	1.888324
1588972778	5.597755	7.503257	1.905502
1588972778	5.194697	6.933399	1.738702
1588972778	4.383103	5.68464	1.301537
1588972778	3.703207	4.868566	1.165359
1588972778	3.521221	4.585753	1.064532
1588972779	3.220981	4.202611	0.98163
1588972779	2.837092	3.716401	0.879309
1588972779	2.396442	3.093516	0.697074
1588972779	2.033963	2.633696	0.599733
1588972779	1.923178	2.503243	0.580065
1588972779	1.745175	2.259765	0.51459
1588972779	1.629162	2.066825	0.437663
1588972779	1.540783	2.024254	0.483471
1588972779	1.452155	1.861686	0.409531
1588972779	1.328175	1.685675	0.357499
1588972780	1.15789	1.49622	0.33833
1588972780	1.144944	1.461864	0.31692
1588972780	0.432684	0.313683	-0.119001
1588972780	0.054272	-0.151365	-0.205637
1588972780	-0.0595	-0.298497	-0.238997
1588972780	-0.076429	-0.366213	-0.289784
1588972780	-0.164808	-0.549693	-0.384885
1588972780	-0.203396	-0.728692	-0.525295
1588972780	-0.469031	-1.216146	-0.747114
1588972780	-1.879362	-2.6327	-0.753338
1588972781	-2.142507	-2.997917	-0.85541
1588972781	-2.330468	-3.235171	-0.904703
1588972781	-3.065384	-4.223274	-1.15789
1588972781	-3.056421	-4.193399	-1.136978
1588972781	-3.08306	-4.244684	-1.161624
1588972781	-3.043227	-4.045022	-1.001795
1588972781	-2.70415	-3.615824	-0.911673
1588972781	-2.154457	-2.843067	-0.68861
1588972781	-1.956289	-2.544072	-0.587783
1588972781	-1.310748	-1.652066	-0.341317
1588972782	-0.018921	0.009958	0.028879
1588972782	0.203645	0.188957	-0.014688
1588972782	0.170036	0.214101	0.044065
1588972782	0.25493	0.304721	0.049791
1588972782	0.27161	0.366711	0.095101
1588972782	0.45509	0.756574	0.301485
1588972782	0.330363	0.637574	0.307211
1588972782	0.308704	0.615417	0.306713
1588972782	0.434925	0.833253	0.398328
1588972782	0.661972	1.270169	0.608197
1588972783	0.814332	1.398132	0.5838
1588972783	2.727801	4.011662	1.283861
1588972783	3.462965	4.555629	1.092664
1588972783	3.495329	4.577537	1.082208
1588972783	3.497321	4.609403	1.112082
1588972783	3.366122	4.430156	1.064034
1588972783	2.797508	3.60487	0.807361
1588972783	2.638924	3.37608	0.737156
1588972783	2.141761	2.78033	0.63857
1588972783	1.761855	2.286403	0.524548
1588972784	1.337138	1.677957	0.34082
1588972784	1.172578	1.503191	0.330612
1588972784	0.799893	1.013247	0.213355
1588972784	0.616911	0.740392	0.123482
1588972784	0.521063	0.623384	0.102321
1588972784	0.511105	0.58131	0.070205
1588972784	0.438659	0.52181	0.083151
1588972784	0.393349	0.473513	0.080164
1588972784	0.2741	0.327127	0.053027
1588972784	0.265884	0.244225	-0.021659
1588972785	-0.020414	-0.26912	-0.248706
1588972785	-0.141158	-0.594505	-0.453347
1588972785	-0.225304	-0.759313	-0.534009
1588972785	-0.246466	-0.813834	-0.567369
1588972785	-0.694087	-1.393402	-0.699315
1588972785	-2.309805	-3.267286	-0.957481
1588972785	-2.46117	-3.521967	-1.060798
1588972785	-3.051442	-4.115227	-1.063785
1588972785	-3.636736	-5.075945	-1.439209
1588972785	-3.760466	-5.209883	-1.449416
1588972786	-3.786607	-5.195692	-1.409086
1588972786	-3.359898	-4.595711	-1.235813
1588972786	-3.007626	-4.155807	-1.148181
1588972786	-2.056369	-2.640667	-0.584298
1588972786	-1.445184	-1.931642	-0.486458
1588972786	0.025891	-0.023153	-0.049044
1588972786	0.278332	0.293767	0.015435
1588972786	0.354761	0.416502	0.061741
1588972786	0.38364	0.486956	0.103316
1588972786	0.357251	0.435173	0.077923
1588972787	0.318911	0.422477	0.103565
1588972787	0.340322	0.404801	0.064479
1588972787	0.344554	0.454094	0.10954
1588972787	0.328123	0.450111	0.121988
1588972787	0.397332	0.673921	0.276589
1588972787	0.467289	0.798648	0.331359
1588972787	0.613674	1.052084	0.43841
1588972787	0.925366	1.449914	0.524548
1588972787	1.244029	1.860441	0.616413
1588972787	2.903314	3.855816	0.952502
1588972788	3.532424	4.71969	1.187267
1588972788	3.817726	5.029888	1.212162
1588972788	3.789096	4.994039	1.204943
1588972788	3.516988	4.584757	1.067768
1588972788	3.251104	4.215058	0.963954
1588972788	3.012854	3.936478	0.923623
1588972788	2.716349	3.567526	0.851177
1588972788	2.348393	2.968042	0.619649
1588972788	1.79173	2.247317	0.455588
1588972788	1.049844	1.223116	0.173273
1588972789	0.885284	1.0364	0.151116
1588972789	0.713754	0.849933	0.136178
1588972789	0.456086	0.542473	0.086387
1588972789	0.417249	0.486956	0.069707
1588972789	0.426211	0.499902	0.073691
1588972789	0.382893	0.422975	0.040082
1588972789	0.377167	0.40505	0.027883
1588972789	0.313932	0.310945	-0.002987
1588972789	0.313683	0.271859	-0.041824
1588972789	0.202649	0.16431	-0.038339
1588972790	0.04282	-0.139664	-0.182484
1588972790	-0.080412	-0.42397	-0.343558
1588972790	-0.082155	-0.509611	-0.427456
1588972790	-0.18099	-0.691597	-0.510607
1588972790	-0.375424	-0.898728	-0.523304
1588972790	-1.683185	-2.435279	-0.752093
1588972790	-1.837288	-2.636434	-0.799146
1588972790	-2.348642	-3.277245	-0.928602
1588972790	-3.009369	-4.169251	-1.159882
1588972790	-3.329276	-4.586001	-1.256725
1588972791	-3.371599	-4.62459	-1.252991
1588972791	-3.286456	-4.494635	-1.208179
1588972791	-2.791782	-3.785113	-0.993331
1588972791	-2.601083	-3.582215	-0.981132
1588972791	-2.493036	-3.416411	-0.923374
1588972791	-2.254288	-3.102478	-0.84819
1588972791	-2.178108	-3.002149	-0.824041
1588972791	-1.710321	-2.397686	-0.687365
1588972791	-1.22934	-1.708579	-0.479239
1588972792	-0.833502	-1.100879	-0.267378
1588972792	-0.556415	-0.772757	-0.216342
1588972792	0.170783	0.15958	-0.011203
1588972792	0.298746	0.354014	0.055268
1588972792	0.455588	0.601475	0.145888
1588972792	0.436418	0.635333	0.198915
1588972792	0.389117	0.642304	0.253187
1588972792	0.320654	0.557908	0.237254
1588972792	0.395092	0.715746	0.320654
1588972792	0.391357	0.739894	0.348537
1588972792	0.522557	0.896736	0.374179
1588972793	0.819809	1.264443	0.444634
1588972793	1.024201	1.340872	0.316671
1588972793	1.964753	2.632949	0.668195
1588972793	2.114624	2.731784	0.61716
1588972793	2.487559	3.271768	0.784208
1588972793	2.807466	3.735322	0.927856
1588972793	3.675075	4.845662	1.170587
1588972793	2.974764	3.818971	0.844207
1588972793	2.647637	3.444294	0.796656
1588972793	2.601581	3.377574	0.775993
1588972794	2.470879	3.214259	0.74338
1588972794	2.356111	3.059907	0.703796
1588972794	2.08002	2.644152	0.564132
1588972794	1.953053	2.500754	0.547701
1588972794	1.61771	2.066078	0.448368
1588972794	1.355062	1.677459	0.322397
1588972794	1.187267	1.449665	0.262399
1588972794	1.089676	1.400372	0.310696
1588972794	1.05059	1.282866	0.232275
1588972794	0.966444	1.213407	0.246963
1588972795	0.811843	1.030425	0.218583
1588972795	0.637076	0.749106	0.11203
1588972795	0.227296	0.183729	-0.043567
1588972795	0.177754	0.129208	-0.048546
1588972795	0.173771	0.129955	-0.043816
1588972795	0.15485	0.105059	-0.049791
1588972795	0.128959	0.096595	-0.032364
1588972795	0.110785	0.074935	-0.03585
1588972795	0.117258	0.134685	0.017427
1588972795	0.129457	0.094105	-0.035352
1588972796	0.126718	0.061741	-0.064977
1588972796	0.081906	0.084396	0.00249
1588972796	0.118254	0.074438	-0.043816
1588972796	0.116262	0.097092	-0.01917
1588972796	0.150369	0.07145	-0.078919
1588972796	0.126967	0.063732	-0.063235
1588972796	0.115266	0.060994	-0.054272
1588972796	0.089375	0.066969	-0.022406
1588972796	0.096595	0.063732	-0.032862
1588972796	0.097092	0.064479	-0.032613
1588972797	0.113772	0.071948	-0.041824
1588972797	0.115266	0.041824	-0.073442
1588972797	0.09535	0.077176	-0.018174
1588972797	0.103814	0.063235	-0.04058
1588972797	0.086387	0.047053	-0.039335
1588972797	0.099084	0.060496	-0.038588
1588972797	0.089624	0.067965	-0.021659
1588972797	0.09286	0.053774	-0.039086
1588972797	0.093358	0.065475	-0.027883
1588972797	0.10954	0.028381	-0.081159
1588972798	0.096097	0.079168	-0.016929
1588972798	0.087881	0.065226	-0.022655
1588972798	0.068214	0.07618	0.007967
1588972798	0.101076	0.070952	-0.030124
1588972798	0.091118	0.05726	-0.033858
1588972798	0.065475	0.076678	0.011203
1588972798	0.096097	0.048297	-0.047799
1588972798	0.109291	0.074189	-0.035103
1588972798	0.078421	0.073442	-0.004979
1588972798	0.112279	0.051534	-0.060745
1588972799	0.103814	0.059251	-0.044563
1588972799	0.086138	0.06423	-0.021908
1588972799	0.082404	0.046057	-0.036347
1588972799	0.100329	0.059002	-0.041327
1588972799	0.091118	0.042322	-0.048795
1588972799	0.105059	0.059998	-0.045061
1588972799	0.087134	0.059002	-0.028132
1588972799	0.067716	0.062488	-0.005228
1588972799	0.080661	0.050289	-0.030373
1588972799	0.09062	0.040331	-0.050289
1588972800	0.080412	0.047301	-0.033111
1588972800	0.084894	0.045559	-0.039335
1588972800	0.089624	0.046057	-0.043567
1588972800	0.088628	0.060994	-0.027634
1588972800	0.075931	0.030621	-0.04531
1588972800	0.072695	0.053774	-0.018921
1588972800	0.081408	0.056015	-0.025393
1588972800	0.085143	0.054023	-0.031119
1588972800	0.082155	0.053774	-0.028381
1588972800	0.072944	0.058007	-0.014937
1588972801	0.080164	0.03087	-0.049293
1588972801	0.070952	0.031368	-0.039584
1588972801	0.071699	0.052778	-0.018921
1588972801	0.094852	0.051783	-0.043069
1588972801	0.086138	0.063235	-0.022904
1588972801	0.081906	0.057011	-0.024896
1588972801	0.080164	0.054272	-0.025891
1588972801	0.072695	0.053027	-0.019667
1588972801	0.069458	0.038588	-0.03087
1588972802	0.089126	0.058007	-0.031119
1588972802	0.081408	0.090371	0.008962
1588972802	0.082404	0.04755	-0.034854
1588972802	0.055766	0.053525	-0.002241
1588972802	0.070454	0.048546	-0.021908
1588972802	0.070454	0.071699	0.001245
1588972802	0.087134	0.036098	-0.051036
1588972802	0.069458	0.048546	-0.020912
1588972802	0.073193	0.049542	-0.023651
1588972802	0.075433	0.055019	-0.020414
1588972802	0.101076	0.057509	-0.043567
1588972803	0.079666	0.044065	-0.035601
1588972803	0.06921	0.060247	-0.008962
1588972803	0.081906	0.060496	-0.02141
1588972803	0.086636	0.049542	-0.037094
1588972803	0.100329	0.038588	-0.061741
1588972803	0.075184	0.065226	-0.009958
1588972803	0.074687	0.055019	-0.019667
1588972803	0.072197	0.060247	-0.01195
1588972803	0.081159	0.058753	-0.022406
1588972803	0.077674	0.046555	-0.031119
1588972804	0.068961	0.061243	-0.007718
1588972804	0.076927	0.039584	-0.037343
1588972804	0.06921	0.03809	-0.031119
1588972804	0.07867	0.04755	-0.031119
1588972804	0.066969	0.04282	-0.024149
1588972804	0.091118	0.069956	-0.021161
1588972804	0.090371	0.069458	-0.020912
1588972804	0.05726	0.036098	-0.021161
1588972804	0.065475	0.062737	-0.002739
1588972804	0.093856	0.042571	-0.051285
1588972805	0.077425	0.062488	-0.014937
1588972805	0.063235	0.034854	-0.028381
1588972805	0.078172	0.058007	-0.020165
1588972805	0.082155	0.048048	-0.034107
1588972805	0.124478	0.084645	-0.039833
1588972805	0.088379	0.057758	-0.030621
1588972805	0.10008	0.056513	-0.043567
1588972805	0.080164	0.043567	-0.036596
1588972805	0.066471	0.061741	-0.00473
1588972806	0.06921	0.041327	-0.027883
1588972806	0.074935	0.048546	-0.026389
1588972806	0.062737	0.040829	-0.021908
1588972806	0.069707	0.039086	-0.030621
1588972806	0.052032	0.032115	-0.019916
1588972806	0.09759	0.036347	-0.061243
1588972806	0.067467	0.05004	-0.017427
1588972806	0.079168	0.065724	-0.013444
1588972806	0.10481	0.037343	-0.067467
1588972806	0.075184	0.039335	-0.03585
1588972806	0.072446	0.053027	-0.019418
1588972807	0.0595	0.030621	-0.028879
1588972807	0.066969	0.037841	-0.029128
1588972807	0.060745	0.031119	-0.029626
1588972807	0.078172	0.042073	-0.036098
1588972807	0.059749	0.031368	-0.028381
1588972807	0.081159	0.047301	-0.033858
1588972807	0.076678	0.048795	-0.027883
1588972807	0.079666	0.055766	-0.0239
1588972807	0.078421	0.064977	-0.013444
1588972807	0.070703	0.039086	-0.031617
1588972808	0.067716	0.039086	-0.02863
1588972808	0.086387	0.056264	-0.030124
1588972808	0.076927	0.068712	-0.008216
1588972808	0.085392	0.054023	-0.031368
1588972808	0.063981	0.048297	-0.015684
1588972808	0.056513	0.048048	-0.008464
1588972808	0.069707	0.05477	-0.014937
1588972808	0.096097	0.03809	-0.058007
1588972808	0.087632	0.052778	-0.034854
1588972808	0.077425	0.043816	-0.033609
1588972809	0.070454	0.05477	-0.015684
1588972809	0.079666	0.061492	-0.018174
1588972809	0.077176	0.074189	-0.002987
1588972809	0.081159	0.025393	-0.055766
1588972809	0.0834	0.043069	-0.040331
1588972809	0.059251	0.064977	0.005726
1588972809	0.082155	0.042073	-0.040082
1588972809	0.060496	0.02863	-0.031866
1588972809	0.076429	0.030124	-0.046306
1588972809	0.097341	0.047799	-0.049542
1588972810	0.089873	0.053774	-0.036098
1588972810	0.09062	0.037343	-0.053276
1588972810	0.094105	0.057011	-0.037094
1588972810	0.071699	0.031119	-0.04058
1588972810	0.076678	0.048795	-0.027883
1588972810	0.083898	0.048795	-0.035103
1588972810	0.077674	0.041327	-0.036347
1588972810	0.075682	0.055268	-0.020414
1588972810	0.057509	0.050538	-0.006971
1588972810	0.077176	0.051036	-0.02614
1588972811	0.074687	0.044065	-0.030621
1588972811	0.08589	0.05004	-0.03585
1588972811	0.065973	0.068463	0.00249
1588972811	0.07618	0.064479	-0.011701
1588972811	0.077176	0.072197	-0.004979
1588972811	0.081408	0.034107	-0.047301
1588972811	0.064977	0.028879	-0.036098
1588972811	0.077425	0.044563	-0.032862
1588972811	0.078172	0.046555	-0.031617
1588972812	0.074438	0.056513	-0.017925
1588972812	0.07867	0.023651	-0.055019
1588972812	0.09062	0.046804	-0.043816
1588972812	0.062986	0.059749	-0.003236
1588972812	0.060994	0.034356	-0.026638
1588972812	0.057011	0.051534	-0.005477
1588972812	0.10008	0.051534	-0.048546
1588972812	0.079666	0.05253	-0.027136
1588972812	0.084147	0.039086	-0.045061
1588972812	0.084396	0.076927	-0.007469
1588972812	0.084396	0.043318	-0.041078
1588972813	0.084147	0.039833	-0.044314
1588972813	0.064728	0.032862	-0.031866
1588972813	0.072446	0.041824	-0.030621
1588972813	0.08813	0.022406	-0.065724
1588972813	0.089873	0.047053	-0.04282
1588972813	0.078421	0.043069	-0.035352
1588972813	0.056513	0.046057	-0.010456
1588972813	0.085392	0.02614	-0.059251
1588972813	0.069458	0.046804	-0.022655
1588972813	0.060994	0.077425	0.016431
1588972814	0.077176	0.062986	-0.01419
1588972814	0.107051	0.042322	-0.064728
1588972814	0.089126	0.078172	-0.010954
1588972814	0.070454	0.051534	-0.018921
1588972814	0.05477	0.040829	-0.013941
1588972814	0.065973	0.068463	0.00249
1588972814	0.081906	0.056762	-0.025144
1588972814	0.084645	0.040829	-0.043816
1588972814	0.06921	0.037841	-0.031368
1588972814	0.07867	0.03087	-0.047799
1588972815	0.080661	0.037094	-0.043567
1588972815	0.055766	0.034356	-0.02141
1588972815	0.071948	0.038837	-0.033111
1588972815	0.088628	0.035352	-0.053276
1588972815	0.063981	0.040082	-0.0239
1588972815	0.061243	0.021161	-0.040082
1588972815	0.079168	0.044065	-0.035103
1588972815	0.083151	0.048048	-0.035103
1588972815	0.069956	0.037343	-0.032613
1588972815	0.084645	0.056762	-0.027883
1588972816	0.071201	0.043816	-0.027385
1588972816	0.076429	0.042322	-0.034107
1588972816	0.047053	0.021659	-0.025393
1588972816	0.07394	0.053276	-0.020663
1588972816	0.079666	0.027634	-0.052032
1588972816	0.077923	0.027385	-0.050538
1588972816	0.087134	0.044812	-0.042322
1588972816	0.082404	0.043318	-0.039086
1588972816	0.085392	0.034356	-0.051036
1588972816	0.092611	0.032862	-0.059749
1588972817	0.089624	0.040829	-0.048795
1588972817	0.086885	0.026389	-0.060496
1588972817	0.064977	0.036845	-0.028132
1588972817	0.109789	0.028879	-0.08091
1588972817	0.079915	0.05477	-0.025144
1588972817	0.063981	0.050289	-0.013693
1588972817	0.083151	0.058753	-0.024398
1588972817	0.094354	0.051036	-0.043318
1588972817	0.077923	0.024896	-0.053027
1588972817	0.056015	0.049791	-0.006224
1588972818	0.056264	0.044065	-0.012199
1588972818	0.073193	0.060496	-0.012697
1588972818	0.050289	0.063484	0.013195
1588972818	0.062239	0.045061	-0.017178
1588972818	0.069707	0.057509	-0.012199
1588972818	0.084147	0.054272	-0.029875
1588972818	0.080661	0.050538	-0.030124
1588972818	0.06921	0.052778	-0.016431
1588972818	0.070952	0.043816	-0.027136
1588972819	0.070703	0.048546	-0.022157
1588972819	0.069707	0.031368	-0.038339
1588972819	0.062737	0.037343	-0.025393
1588972819	0.07145	0.015684	-0.055766
1588972819	0.082404	0.008464	-0.07394
1588972819	0.060745	0.030124	-0.030621
1588972819	0.06423	0.044065	-0.020165
1588972819	0.067467	0.029377	-0.03809
1588972819	0.067467	0.041327	-0.02614
1588972819	0.068463	0.033609	-0.034854
1588972819	0.054023	0.02141	-0.032613
1588972820	0.053774	0.040082	-0.013693
1588972820	0.069707	0.019418	-0.050289
1588972820	0.05477	0.018672	-0.036098
1588972820	0.048297	0.022655	-0.025642
1588972820	0.082902	0.030621	-0.052281
1588972820	0.07867	0.030124	-0.048546
1588972820	0.074189	0.025393	-0.048795
1588972820	0.045808	0.037094	-0.008713
1588972820	0.086885	0.027883	-0.059002
1588972820	0.05253	0.028132	-0.024398
1588972821	0.031368	0.025393	-0.005975
1588972821	0.082404	0.022655	-0.059749
1588972821	0.031617	0.022157	-0.00946
1588972821	0.070703	0.021161	-0.049542
1588972821	0.040331	0.021908	-0.018423
1588972821	0.060745	0.018174	-0.042571
1588972821	0.06423	0.036596	-0.027634
1588972821	0.037592	0.033858	-0.003734
1588972821	0.05253	0.00473	-0.047799
1588972821	0.065475	0.021161	-0.044314
1588972822	0.057509	0.002241	-0.055268
1588972822	0.056513	0.007718	-0.048795
1588972822	0.057758	0.012946	-0.044812
1588972822	0.039335	0.018921	-0.020414
1588972822	0.054272	-0.005726	-0.059998
1588972822	0.079417	0.0239	-0.055517
1588972822	0.09286	-0.005228	-0.098088
1588972822	0.049044	0.00249	-0.046555
1588972822	0.07618	0.010207	-0.065973
1588972822	0.059251	0.020165	-0.039086
1588972823	0.048795	0.00473	-0.044065
1588972823	0.047053	0.008713	-0.038339
1588972823	0.057758	-0.002241	-0.059998
1588972823	0.04282	0.002241	-0.04058
1588972823	0.048048	-0.010207	-0.058255
1588972823	0.036596	0.007967	-0.02863
1588972823	0.027634	0.001494	-0.02614
1588972823	0.045559	0.021908	-0.023651
1588972823	0.072695	0.018921	-0.053774
1588972823	0.029875	0.002241	-0.027634
1588972824	0.055268	0.003983	-0.051285
1588972824	0.067218	0.004979	-0.062239
1588972824	0.029128	0.055517	0.026389
1588972824	0.066969	0.012946	-0.054023
1588972824	0.049542	0.017676	-0.031866
1588972824	0.058007	0.002739	-0.055268
1588972824	0.046306	-0.051783	-0.098088
1588972824	0.055766	-0.003236	-0.059002
1588972824	0.047301	0.002987	-0.044314
1588972824	0.044812	-0.008464	-0.053276
1588972825	0.066222	0.006971	-0.059251
1588972825	0.063484	0.011452	-0.052032
1588972825	0.061741	-0.001743	-0.063484
1588972825	0.055517	-0.000249	-0.055766
1588972825	0.046306	-0.000996	-0.047301
1588972825	0.044563	-0.017676	-0.062239
1588972825	0.040082	0.018174	-0.021908
1588972825	0.044065	0.023651	-0.020414
1588972825	0.05477	0.00473	-0.05004
1588972825	0.05004	-0.004232	-0.054272
1588972826	0.051534	0.00946	-0.042073
1588972826	0.029377	0.006971	-0.022406
1588972826	0.044314	-0.002987	-0.047301
1588972826	0.028879	0.005726	-0.023153
1588972826	0.04531	0.009709	-0.035601
1588972826	0.058007	0.004979	-0.053027
1588972826	0.060247	0.022406	-0.037841
1588972826	0.062986	-0.005975	-0.068961
1588972826	0.056513	0.002739	-0.053774
1588972826	0.040082	0.009958	-0.030124
1588972827	0.027385	-0.001992	-0.029377
1588972827	0.073193	0.013693	-0.0595
1588972827	0.048048	0.013195	-0.034854
1588972827	0.063981	0.003485	-0.060496
1588972827	0.065724	0.013195	-0.05253
1588972827	0.071699	0.025891	-0.045808
1588972827	0.042322	0.011452	-0.03087
1588972827	0.059749	0.007469	-0.052281
1588972827	0.068214	-0.005228	-0.073442
1588972827	0.062737	0.030373	-0.032364
1588972828	0.068214	0.007718	-0.060496
1588972828	0.043816	0.028132	-0.015684
1588972828	0.071948	0.018921	-0.053027
1588972828	0.087632	0.027634	-0.059998
1588972828	0.084894	0.015933	-0.068961
1588972828	0.042073	0.020414	-0.021659
1588972828	0.051285	0.023402	-0.027883
1588972828	0.073691	0.026389	-0.047301
1588972828	0.055019	0.01917	-0.03585
1588972828	0.054023	0.013444	-0.04058
1588972829	0.04755	0.04282	-0.00473
1588972829	0.056762	0.025891	-0.03087
1588972829	0.063732	0.001245	-0.062488
1588972829	0.077425	0.026638	-0.050787
1588972829	0.059749	0.03585	-0.0239
1588972829	0.056762	0.025393	-0.031368
1588972829	0.052281	0.009211	-0.043069
1588972829	0.049791	0.016182	-0.033609
1588972829	0.060247	0.017676	-0.042571
1588972829	0.047799	0.028132	-0.019667
1588972830	0.055019	0.016182	-0.038837
1588972830	0.054272	0.017925	-0.036347
1588972830	0.054521	0.019418	-0.035103
1588972830	0.039833	0.025642	-0.01419
1588972830	0.048795	0.032613	-0.016182
1588972830	0.032862	-0.003983	-0.036845
1588972830	0.054521	0.015684	-0.038837
1588972830	0.017427	-0.02141	-0.038837
1588972830	0.00946	-0.016929	-0.026389
1588972830	0.034107	0.009211	-0.024896
1588972831	0.0239	0.020414	-0.003485
1588972831	0.034605	0.017427	-0.017178
1588972831	0.048546	-0.011701	-0.060247
1588972831	0.035352	0.022655	-0.012697
1588972831	0.041824	0.026887	-0.014937
1588972831	0.046804	0.009709	-0.037094
1588972831	0.04531	0.001494	-0.043816
1588972831	0.074438	0.016431	-0.058007
1588972831	0.051285	0.010207	-0.041078
1588972831	0.030124	0.010207	-0.019916
1588972832	0.053525	0.015186	-0.038339
1588972832	0.018921	-0.00473	-0.023651
1588972832	0.055268	0.024896	-0.030373
1588972832	0.056762	0.023651	-0.033111
1588972832	0.035352	0.006224	-0.029128
1588972832	0.061492	-0.000747	-0.062239
1588972832	0.054521	0.039833	-0.014688
1588972832	0.05253	0.009211	-0.043318
1588972832	0.050538	-0.004232	-0.05477
1588972832	0.050289	0.015186	-0.035103
1588972833	0.043069	0.000996	-0.042073
1588972833	0.044065	0.01419	-0.029875
1588972833	0.032115	0.006722	-0.025393
1588972833	0.026887	-0.002739	-0.029626
1588972833	0.041078	0.025144	-0.015933
1588972833	0.057011	0.045808	-0.011203
1588972833	0.036098	0.041078	0.004979
1588972833	0.044065	0.043069	-0.000996
1588972833	0.049044	0.000747	-0.048297
1588972833	0.044314	0.01668	-0.027634
1588972834	0.042073	0.00249	-0.039584
1588972834	0.048297	0.0239	-0.024398
1588972834	0.040829	0.019418	-0.02141
1588972834	0.037094	0.023651	-0.013444
1588972834	0.036845	-0.007718	-0.044563
1588972834	0.063732	0.013195	-0.050538
1588972834	0.038339	-0.003485	-0.041824
1588972834	0.055766	0.017178	-0.038588
1588972834	0.033609	0.00473	-0.028879
1588972834	0.039584	-0.005726	-0.04531
1588972835	0.049293	0.01668	-0.032613
1588972835	0.041575	0.014937	-0.026638
1588972835	0.063484	0.027385	-0.036098
1588972835	0.042571	-0.003236	-0.045808
1588972835	0.034605	0.005726	-0.028879
1588972835	0.039335	0.00722	-0.032115
1588972835	0.040331	0.020165	-0.020165
1588972835	0.043318	0.007967	-0.035352
1588972835	0.014937	0.004481	-0.010456
1588972835	0.042322	0.016431	-0.025891
1588972836	0.031866	0.018423	-0.013444
1588972836	0.050289	0.001245	-0.049044
1588972836	0.034356	0.001494	-0.032862
1588972836	0.041824	0.010207	-0.031617
1588972836	0.036596	0.01668	-0.019916
1588972836	0.013693	0.007967	-0.005726
1588972836	0.036347	0.003236	-0.033111
1588972836	0.035352	0.007967	-0.027385
1588972836	0.069956	-0.00722	-0.077176
1588972836	0.041078	0.009709	-0.031368
1588972837	0.029377	0.021659	-0.007718
1588972837	0.039833	0.01195	-0.027883
1588972837	0.055766	0.008464	-0.047301
1588972837	0.065724	0.003734	-0.06199
1588972837	0.032862	0.003236	-0.029626
1588972837	0.02614	0.01668	-0.00946
1588972837	0.037343	0.013941	-0.023402
1588972837	0.027385	0.011452	-0.015933
1588972837	0.037343	-0.002241	-0.039584
1588972837	0.020414	0.005726	-0.014688
1588972838	0.040082	-0.009709	-0.049791
1588972838	0.027883	0.027883	0
1588972838	0.039833	0.013941	-0.025891
1588972838	0.034107	0.00722	-0.026887
1588972838	0.057758	0.003734	-0.054023
1588972838	0.036845	0.006473	-0.030373
1588972838	0.040829	-0.004232	-0.045061
1588972838	0.005975	0.022157	0.016182
1588972838	0.031368	0.011701	-0.019667
1588972838	0.037094	0.024398	-0.012697
1588972839	0.049044	-0.000747	-0.049791
1588972839	0.020165	0.045061	0.024896
1588972839	0.043567	0.002739	-0.040829
1588972839	0.03585	0.009709	-0.02614
1588972839	0.043069	-0.002987	-0.046057
1588972839	0.044812	-0.00722	-0.052032
1588972839	0.048546	-0.008713	-0.05726
1588972839	0.038339	0.01917	-0.01917
1588972839	0.031119	0.014937	-0.016182
1588972839	0.036596	0.004481	-0.032115
1588972840	0.037592	0.013941	-0.023651
1588972840	0.04282	0.00473	-0.03809
1588972840	0.019418	0.044563	0.025144
1588972840	0.058504	-0.003983	-0.062488
1588972840	0.043069	0.003236	-0.039833
1588972840	0.062239	0.026887	-0.035352
1588972840	0.057509	-0.008464	-0.065973
1588972840	0.057011	0.01668	-0.040331
1588972840	0.05253	-0.003236	-0.055766
1588972841	0.038837	-0.004481	-0.043318
1588972841	0.049293	0.006473	-0.04282
1588972841	0.059002	-0.010954	-0.069956
1588972841	0.068712	0.009958	-0.058753
1588972841	0.059002	0.010705	-0.048297
1588972841	0.046306	0.020912	-0.025393
1588972841	0.048546	0.018423	-0.030124
1588972841	0.048546	0.018672	-0.029875
1588972841	0.024398	0.032862	0.008464
1588972841	0.04531	0.015684	-0.029626
1588972841	0.048297	0.008962	-0.039335
1588972842	0.047799	0.019916	-0.027883
1588972842	0.029128	0.000747	-0.028381
1588972842	0.060247	0.025393	-0.034854
1588972842	0.047053	0.006722	-0.040331
1588972842	0.031866	0.006224	-0.025642
1588972842	0.031866	0.01917	-0.012697
1588972842	0.037592	0.003734	-0.033858
1588972842	0.041327	0.004979	-0.036347
1588972842	0.021908	-0.010207	-0.032115
1588972842	0.034356	-0.005228	-0.039584
1588972843	0.04282	0.005726	-0.037094
1588972843	0.027136	0.013195	-0.013941
1588972843	0.045808	0.008713	-0.037094
1588972843	0.046555	0.008962	-0.037592
1588972843	0.04058	-0.002739	-0.043318
1588972843	0.062986	0.012697	-0.050289
1588972843	0.040829	0.018672	-0.022157
1588972843	0.039086	0.018672	-0.020414
1588972843	0.029626	0.03809	0.008464
1588972843	0.064728	-0.00249	-0.067218
1588972844	0.052032	0	-0.052032
1588972844	0.051285	-0.015186	-0.066471
1588972844	0.043816	0.014439	-0.029377
1588972844	0.010207	0.025144	0.014937
1588972844	0.051036	0.002739	-0.048297
1588972844	0.036347	-0.012946	-0.049293
1588972844	0.042322	0.014439	-0.027883
1588972844	0.044563	0.0239	-0.020663
1588972844	0.036845	0.01917	-0.017676
1588972844	0.047053	0.009709	-0.037343
1588972845	0.040331	0.008216	-0.032115
1588972845	0.049293	0.008464	-0.040829
1588972845	0.032613	0.008216	-0.024398
1588972845	0.027883	0.009709	-0.018174
1588972845	0.041327	0.006473	-0.034854
1588972845	0.043567	-0.003485	-0.047053
1588972845	0.038837	0.000249	-0.038588
1588972845	0.039833	0.007469	-0.032364
1588972845	0.03809	0.008713	-0.029377
1588972845	0.030621	0.00946	-0.021161
1588972846	0.044065	-0.016182	-0.060247
1588972846	0.060994	0.019916	-0.041078
1588972846	0.033858	0.013444	-0.020414
1588972846	0.055019	0.029875	-0.025144
1588972846	0.048048	0.016431	-0.031617
1588972846	0.077674	0.023153	-0.054521
1588972846	0.056762	0.01195	-0.044812