time 	 p1 	 p2 	 dp1588972689.023655 	 0.032613 	 0.010456 	 -0.022157
1588972689.033057 	 0.012448 	 0.000747 	 -0.011701
1588972689.046740 	 0.004979 	 -0.013444 	 -0.018423
1588972689.062423 	 0.001494 	 -0.015435 	 -0.016929
1588972689.073829 	 -0.003983 	 -0.014439 	 -0.010456
1588972689.213990 	 0.040082 	 -0.006971 	 -0.047053
1588972689.376845 	 0.022655 	 -0.012697 	 -0.035352
1588972689.392537 	 0.009460 	 -0.024149 	 -0.033609
1588972689.453179 	 0.009709 	 -0.014190 	 -0.023900
1588972689.538526 	 0.016929 	 -0.025891 	 -0.042820
1588972689.670797 	 0.035601 	 0.002987 	 -0.032613
1588972689.802041 	 0.032364 	 -0.009211 	 -0.041575
1588972689.819287 	 0.013941 	 -0.015684 	 -0.029626
1588972689.951010 	 0.026638 	 -0.011452 	 -0.038090
1588972690.072380 	 0.030373 	 -0.002241 	 -0.032613
1588972690.182611 	 0.027136 	 -0.004979 	 -0.032115
1588972690.217996 	 0.025393 	 -0.018174 	 -0.043567
1588972690.347038 	 0.029626 	 -0.020663 	 -0.050289
1588972690.467535 	 0.016929 	 -0.006971 	 -0.023900
1588972690.585182 	 0.032862 	 -0.006971 	 -0.039833
1588972690.702516 	 0.037841 	 0.004232 	 -0.033609
1588972690.725940 	 0.044812 	 -0.008713 	 -0.053525
1588972690.882291 	 0.024149 	 0.005726 	 -0.018423
1588972691.015506 	 0.023651 	 0.008464 	 -0.015186
1588972691.041140 	 0.049293 	 -0.008962 	 -0.058255
1588972691.181358 	 0.026638 	 0.013195 	 -0.013444
1588972691.307709 	 0.025393 	 -0.000498 	 -0.025891
1588972691.333630 	 0.031617 	 -0.011452 	 -0.043069
1588972691.470043 	 0.028132 	 0.007967 	 -0.020165
1588972691.607079 	 0.022406 	 -0.012697 	 -0.035103
1588972691.624073 	 0.028381 	 -0.008713 	 -0.037094
1588972691.779007 	 0.003734 	 0.007718 	 0.003983
1588972691.894692 	 0.010456 	 0.006224 	 -0.004232
1588972691.920836 	 0.004481 	 0.011950 	 0.007469
1588972692.060118 	 0.036347 	 -0.005228 	 -0.041575
1588972692.180507 	 0.029128 	 0.012697 	 -0.016431
1588972692.300474 	 0.041824 	 -0.005477 	 -0.047301
1588972692.326504 	 0.023900 	 -0.023402 	 -0.047301
1588972692.458136 	 0.048546 	 0.017427 	 -0.031119
1588972692.586855 	 0.025393 	 -0.004481 	 -0.029875
1588972692.710029 	 0.034356 	 -0.001245 	 -0.035601
1588972692.733459 	 0.047301 	 -0.000996 	 -0.048297
1588972692.842818 	 0.027634 	 -0.002490 	 -0.030124
1588972692.943104 	 0.045310 	 -0.013444 	 -0.058753
1588972693.042428 	 0.029626 	 -0.014937 	 -0.044563
1588972693.151375 	 0.047550 	 -0.024896 	 -0.072446
1588972693.253691 	 0.053027 	 -0.017925 	 -0.070952
1588972693.383710 	 0.025642 	 -0.010207 	 -0.035850
1588972693.477937 	 0.039335 	 0.001743 	 -0.037592
1588972693.617525 	 0.040829 	 -0.013195 	 -0.054023
1588972693.639406 	 0.052530 	 -0.007967 	 -0.060496
1588972693.749915 	 0.038090 	 -0.002739 	 -0.040829
1588972693.854625 	 0.060994 	 -0.006722 	 -0.067716
1588972693.962257 	 0.036845 	 0.007967 	 -0.028879
1588972694.070711 	 0.018423 	 -0.022406 	 -0.040829
1588972694.177370 	 0.024647 	 -0.008713 	 -0.033360
1588972694.277722 	 0.018423 	 -0.005228 	 -0.023651
1588972694.382088 	 0.014937 	 -0.009958 	 -0.024896
1588972694.437363 	 0.027136 	 -0.006473 	 -0.033609
1588972694.546458 	 0.037592 	 0.003236 	 -0.034356
1588972694.663706 	 0.025144 	 -0.003983 	 -0.029128
1588972694.784883 	 0.033360 	 0.011950 	 -0.021410
1588972694.881882 	 0.020912 	 -0.002987 	 -0.023900
1588972695.014167 	 0.025642 	 -0.019170 	 -0.044812
1588972695.036827 	 0.025393 	 0.013444 	 -0.011950
1588972695.153046 	 0.012199 	 -0.011950 	 -0.024149
1588972695.254603 	 0.036845 	 0.001992 	 -0.034854
1588972695.355620 	 0.031368 	 0.016680 	 -0.014688
1588972695.465211 	 0.024647 	 0.004979 	 -0.019667
1588972695.563550 	 0.027136 	 0.000996 	 -0.026140
1588972695.674846 	 0.026638 	 0.017925 	 -0.008713
1588972695.791336 	 0.054023 	 0.005726 	 -0.048297
1588972695.895240 	 0.049791 	 0.022655 	 -0.027136
1588972695.927527 	 0.032613 	 0.009211 	 -0.023402
1588972696.041822 	 0.032115 	 0.015684 	 -0.016431
1588972696.153348 	 0.039086 	 -0.008464 	 -0.047550
1588972696.260878 	 0.048048 	 0.000996 	 -0.047053
1588972696.359124 	 0.045061 	 -0.012448 	 -0.057509
1588972696.470966 	 0.043069 	 0.001743 	 -0.041327
1588972696.584963 	 0.029875 	 0.009709 	 -0.020165
1588972696.704131 	 0.027634 	 0.008713 	 -0.018921
1588972696.727463 	 -0.012946 	 0.007967 	 0.020912
1588972696.874498 	 0.036347 	 0.018672 	 -0.017676
1588972696.990190 	 0.029377 	 0.016929 	 -0.012448
1588972697.099354 	 0.033609 	 0.022655 	 -0.010954
1588972697.133582 	 0.042820 	 0.010207 	 -0.032613
1588972697.262878 	 0.019916 	 0.012946 	 -0.006971
1588972697.373962 	 0.049791 	 0.022904 	 -0.026887
1588972697.491114 	 0.045808 	 0.040331 	 -0.005477
1588972697.584342 	 0.076927 	 0.024896 	 -0.052032
1588972697.664338 	 0.041327 	 0.019170 	 -0.022157
1588972697.779463 	 0.051783 	 0.009211 	 -0.042571
1588972697.911307 	 0.062488 	 0.022157 	 -0.040331
1588972697.935367 	 0.052281 	 0.026638 	 -0.025642
1588972698.064492 	 0.075931 	 0.036845 	 -0.039086
1588972698.178266 	 0.072944 	 0.014937 	 -0.058007
1588972698.293482 	 0.055019 	 0.018174 	 -0.036845
1588972698.323047 	 0.059251 	 0.021161 	 -0.038090
1588972698.439932 	 0.060247 	 0.025144 	 -0.035103
1588972698.572650 	 0.075184 	 0.012199 	 -0.062986
1588972698.684941 	 0.049542 	 0.027385 	 -0.022157
1588972698.795493 	 0.057011 	 0.033111 	 -0.023900
1588972698.840053 	 0.061990 	 0.059500 	 -0.002490
1588972698.963949 	 0.057509 	 0.033858 	 -0.023651
1588972699.082764 	 0.074935 	 0.040082 	 -0.034854
1588972699.201815 	 0.066222 	 0.043816 	 -0.022406
1588972699.225009 	 0.072197 	 0.011452 	 -0.060745
1588972699.346723 	 0.069956 	 0.035850 	 -0.034107
1588972699.467625 	 0.076429 	 0.048795 	 -0.027634
1588972699.586558 	 0.062239 	 0.035850 	 -0.026389
1588972699.705620 	 0.084147 	 0.036596 	 -0.047550
1588972699.729656 	 0.087632 	 0.016680 	 -0.070952
1588972699.880150 	 0.048795 	 0.020663 	 -0.028132
1588972699.992045 	 0.044314 	 0.019916 	 -0.024398
1588972700.025348 	 0.042322 	 0.020414 	 -0.021908
1588972700.152650 	 0.060994 	 0.014688 	 -0.046306
1588972700.263925 	 0.076180 	 0.032364 	 -0.043816
1588972700.383483 	 0.070952 	 0.008962 	 -0.061990
1588972700.508318 	 0.071948 	 0.030124 	 -0.041824
1588972700.535053 	 0.050040 	 0.055517 	 0.005477
1588972700.665106 	 0.057011 	 0.028630 	 -0.028381
1588972700.812317 	 0.061741 	 0.016929 	 -0.044812
1588972700.846587 	 0.085143 	 0.000249 	 -0.084894
1588972700.963161 	 0.055268 	 0.019916 	 -0.035352
1588972701.077453 	 0.056015 	 0.039335 	 -0.016680
1588972701.190372 	 0.078421 	 0.039335 	 -0.039086
1588972701.228408 	 0.077425 	 0.018921 	 -0.058504
1588972701.355394 	 0.042571 	 0.030870 	 -0.011701
1588972701.465144 	 0.066969 	 0.036098 	 -0.030870
1588972701.586084 	 0.049542 	 0.004481 	 -0.045061
1588972701.695301 	 0.067716 	 0.046057 	 -0.021659
1588972701.726720 	 0.050538 	 0.026638 	 -0.023900
1588972701.862419 	 0.061741 	 0.006224 	 -0.055517
1588972701.979218 	 0.070952 	 0.024647 	 -0.046306
1588972702.087987 	 0.072197 	 -0.001245 	 -0.073442
1588972702.121762 	 0.037094 	 0.023402 	 -0.013693
1588972702.253649 	 0.062239 	 0.028381 	 -0.033858
1588972702.364553 	 0.055766 	 0.021908 	 -0.033858
1588972702.480880 	 0.061990 	 0.028630 	 -0.033360
1588972702.599371 	 0.057509 	 0.011701 	 -0.045808
1588972702.625732 	 0.047799 	 0.017427 	 -0.030373
1588972702.739926 	 0.061990 	 0.025144 	 -0.036845
1588972702.866482 	 0.064728 	 0.013195 	 -0.051534
1588972702.974733 	 0.048297 	 0.037343 	 -0.010954
1588972703.084326 	 0.050538 	 0.031368 	 -0.019170
1588972703.195243 	 0.073940 	 0.037343 	 -0.036596
1588972703.229558 	 0.066720 	 0.022406 	 -0.044314
1588972703.350472 	 0.066720 	 0.019916 	 -0.046804
1588972703.468675 	 0.064977 	 0.008713 	 -0.056264
1588972703.583234 	 0.058504 	 0.000747 	 -0.057758
1588972703.698790 	 0.044563 	 0.014439 	 -0.030124
1588972703.722021 	 0.057011 	 0.028630 	 -0.028381
1588972703.852726 	 0.061741 	 0.019916 	 -0.041824
1588972703.961760 	 0.066969 	 0.004232 	 -0.062737
1588972704.080100 	 0.053774 	 0.007967 	 -0.045808
1588972704.190802 	 0.075931 	 0.019916 	 -0.056015
1588972704.242890 	 0.059251 	 0.033111 	 -0.026140
1588972704.361583 	 0.060745 	 0.022655 	 -0.038090
1588972704.477786 	 0.060247 	 0.011203 	 -0.049044
1588972704.609106 	 0.068712 	 0.010207 	 -0.058504
1588972704.634957 	 0.039584 	 0.006224 	 -0.033360
1588972704.768003 	 0.065226 	 0.025144 	 -0.040082
1588972704.883371 	 0.065475 	 0.026887 	 -0.038588
1588972704.996420 	 0.055019 	 0.001494 	 -0.053525
1588972705.029974 	 0.072944 	 0.020414 	 -0.052530
1588972705.156203 	 0.059998 	 0.012199 	 -0.047799
1588972705.269047 	 0.076429 	 0.023153 	 -0.053276
1588972705.394320 	 0.049791 	 0.024149 	 -0.025642
1588972705.419786 	 0.058753 	 0.022406 	 -0.036347
1588972705.557514 	 0.064230 	 0.032364 	 -0.031866
1588972705.681021 	 0.043816 	 0.025642 	 -0.018174
1588972705.805878 	 0.041824 	 0.012946 	 -0.028879
1588972705.831321 	 0.062986 	 0.038090 	 -0.024896
1588972705.963449 	 0.044065 	 0.045310 	 0.001245
1588972706.079767 	 0.069707 	 0.011701 	 -0.058007
1588972706.215301 	 0.044314 	 0.015435 	 -0.028879
1588972706.246554 	 0.069458 	 -0.007718 	 -0.077176
1588972706.364464 	 0.051036 	 0.018174 	 -0.032862
1588972706.488107 	 0.071450 	 0.014688 	 -0.056762
1588972706.613666 	 0.054272 	 0.020912 	 -0.033360
1588972706.650877 	 0.051036 	 0.035103 	 -0.015933
1588972706.769161 	 0.046804 	 0.022655 	 -0.024149
1588972706.894609 	 0.058007 	 0.027136 	 -0.030870
1588972706.921011 	 0.054023 	 0.004232 	 -0.049791
1588972707.050842 	 0.051534 	 0.024896 	 -0.026638
1588972707.167203 	 0.059749 	 0.025891 	 -0.033858
1588972707.291397 	 0.048297 	 -0.000498 	 -0.048795
1588972707.347327 	 0.029626 	 0.020165 	 -0.009460
1588972707.461153 	 0.056015 	 -0.000498 	 -0.056513
1588972707.588588 	 0.045061 	 -0.002490 	 -0.047550
1588972707.703764 	 0.019418 	 0.012448 	 -0.006971
1588972707.742073 	 0.052032 	 0.026389 	 -0.025642
1588972707.865371 	 0.045061 	 0.027136 	 -0.017925
1588972707.990149 	 0.045310 	 0.012199 	 -0.033111
1588972708.022898 	 0.028381 	 0.003983 	 -0.024398
1588972708.152483 	 0.045061 	 -0.010456 	 -0.055517
1588972708.275169 	 0.047550 	 0.007718 	 -0.039833
1588972708.401453 	 0.030124 	 0.004730 	 -0.025393
1588972708.427423 	 0.072695 	 0.029377 	 -0.043318
1588972708.565892 	 0.052778 	 -0.011203 	 -0.063981
1588972708.693946 	 0.041575 	 -0.010705 	 -0.052281
1588972708.720006 	 0.042820 	 0.008216 	 -0.034605
1588972708.857196 	 0.020912 	 -0.001494 	 -0.022406
1588972708.981887 	 0.029875 	 -0.007220 	 -0.037094
1588972709.107267 	 0.033111 	 -0.011950 	 -0.045061
1588972709.131564 	 0.054272 	 0.024647 	 -0.029626
1588972709.274458 	 0.027385 	 -0.028381 	 -0.055766
1588972709.386100 	 0.015186 	 0.009958 	 -0.005228
1588972709.422691 	 0.039833 	 -0.000498 	 -0.040331
1588972709.557137 	 0.046804 	 -0.021161 	 -0.067965
1588972709.689993 	 0.035103 	 -0.004730 	 -0.039833
1588972709.815273 	 0.025144 	 0.018174 	 -0.006971
1588972709.854382 	 0.028381 	 -0.011203 	 -0.039584
1588972709.995505 	 0.014190 	 -0.027634 	 -0.041824
1588972710.106608 	 0.011701 	 -0.019418 	 -0.031119
1588972710.143801 	 0.030870 	 -0.043069 	 -0.073940
1588972710.269235 	 0.022157 	 -0.009460 	 -0.031617
1588972710.393158 	 0.026887 	 0.001992 	 -0.024896
1588972710.418653 	 0.042073 	 0.009460 	 -0.032613
1588972710.549330 	 0.034854 	 -0.013195 	 -0.048048
1588972710.687510 	 0.031866 	 0.000249 	 -0.031617
1588972710.813759 	 0.020663 	 0.002987 	 -0.017676
1588972710.840257 	 0.009211 	 -0.028879 	 -0.038090
1588972710.971733 	 0.039086 	 0.001992 	 -0.037094
1588972711.091257 	 0.018174 	 -0.004730 	 -0.022904
1588972711.207524 	 0.024149 	 -0.022655 	 -0.046804
1588972711.245086 	 0.031866 	 -0.021410 	 -0.053276
1588972711.366102 	 0.018423 	 -0.023402 	 -0.041824
1588972711.484663 	 0.022406 	 -0.024647 	 -0.047053
1588972711.614473 	 0.022406 	 -0.023153 	 -0.045559
1588972711.651655 	 0.037094 	 -0.025144 	 -0.062239
1588972711.789818 	 0.023402 	 -0.031866 	 -0.055268
1588972711.914062 	 0.023651 	 -0.035103 	 -0.058753
1588972711.938510 	 0.039833 	 -0.055766 	 -0.095599
1588972712.081612 	 0.022406 	 -0.009460 	 -0.031866
1588972712.209974 	 0.015684 	 -0.013195 	 -0.028879
1588972712.235280 	 0.008216 	 -0.018174 	 -0.026389
1588972712.371863 	 0.042322 	 -0.021659 	 -0.063981
1588972712.491673 	 0.041575 	 -0.034605 	 -0.076180
1588972712.615083 	 0.031617 	 -0.018672 	 -0.050289
1588972712.650359 	 -0.005975 	 -0.035601 	 -0.029626
1588972712.762620 	 0.010954 	 -0.017676 	 -0.028630
1588972712.888029 	 0.015684 	 -0.016182 	 -0.031866
1588972712.974501 	 0.013444 	 -0.009211 	 -0.022655
1588972713.056623 	 0.013941 	 -0.029626 	 -0.043567
1588972713.173632 	 0.004232 	 -0.039833 	 -0.044065
1588972713.294139 	 0.022406 	 -0.021659 	 -0.044065
1588972713.329331 	 0.025642 	 -0.009211 	 -0.034854
1588972713.460414 	 0.001494 	 -0.006722 	 -0.008216
1588972713.583370 	 0.009709 	 -0.005975 	 -0.015684
1588972713.708056 	 0.011203 	 -0.019418 	 -0.030621
1588972713.733381 	 0.017427 	 -0.012697 	 -0.030124
1588972713.870173 	 -0.010456 	 -0.002490 	 0.007967
1588972713.994812 	 0.014688 	 -0.020663 	 -0.035352
1588972714.114612 	 -0.001494 	 -0.033609 	 -0.032115
1588972714.150734 	 -0.007220 	 -0.022904 	 -0.015684
1588972714.271065 	 -0.002490 	 -0.018921 	 -0.016431
1588972714.397601 	 0.007220 	 -0.021410 	 -0.028630
1588972714.423619 	 0.018174 	 0.020414 	 0.002241
1588972714.561085 	 -0.023153 	 -0.029875 	 -0.006722
1588972714.681261 	 0.011203 	 -0.028630 	 -0.039833
1588972714.806885 	 0.013444 	 -0.021161 	 -0.034605
1588972714.832217 	 0.023402 	 0.008713 	 -0.014688
1588972714.972930 	 0.013444 	 -0.034107 	 -0.047550
1588972715.089858 	 0.017427 	 -0.032115 	 -0.049542
1588972715.214281 	 0.011950 	 -0.023651 	 -0.035601
1588972715.239570 	 -0.012448 	 -0.032364 	 -0.019916
1588972715.370809 	 0.012697 	 -0.018921 	 -0.031617
1588972715.491863 	 -0.016680 	 -0.026887 	 -0.010207
1588972715.611188 	 -0.008962 	 -0.028132 	 -0.019170
1588972715.646582 	 -0.019418 	 -0.036845 	 -0.017427
1588972715.773405 	 -0.031119 	 -0.034605 	 -0.003485
1588972715.889535 	 0.001743 	 -0.050289 	 -0.052032
1588972716.014886 	 0.003236 	 -0.030124 	 -0.033360
1588972716.040324 	 0.011203 	 -0.026140 	 -0.037343
1588972716.177350 	 -0.005975 	 -0.038837 	 -0.032862
1588972716.301897 	 0.003236 	 -0.059749 	 -0.062986
1588972716.327502 	 -0.001494 	 -0.058007 	 -0.056513
1588972716.470585 	 -0.007967 	 -0.048297 	 -0.040331
1588972716.594857 	 -0.005228 	 -0.047301 	 -0.042073
1588972716.676158 	 0.004979 	 -0.029377 	 -0.034356
1588972716.749095 	 -0.006473 	 -0.042322 	 -0.035850
1588972716.880033 	 -0.018174 	 -0.062239 	 -0.044065
1588972717.005399 	 0.011452 	 -0.044563 	 -0.056015
1588972717.029916 	 -0.006224 	 -0.055268 	 -0.049044
1588972717.159930 	 -0.002739 	 -0.021161 	 -0.018423
1588972717.291471 	 0.010456 	 -0.049044 	 -0.059500
1588972717.406677 	 0.006971 	 -0.022157 	 -0.029128
1588972717.432199 	 0.002241 	 -0.022904 	 -0.025144
1588972717.576672 	 0.000249 	 -0.028879 	 -0.029128
1588972717.685785 	 0.016182 	 -0.031866 	 -0.048048
1588972717.800463 	 -0.012448 	 -0.039086 	 -0.026638
1588972717.853919 	 0.010207 	 -0.051036 	 -0.061243
1588972717.984877 	 0.013941 	 -0.037841 	 -0.051783
1588972718.103284 	 -0.004232 	 -0.033858 	 -0.029626
1588972718.143525 	 0.011701 	 -0.055766 	 -0.067467
1588972718.271316 	 -0.011203 	 -0.033360 	 -0.022157
1588972718.389010 	 -0.012946 	 -0.047550 	 -0.034605
1588972718.514674 	 -0.003485 	 -0.034107 	 -0.030621
1588972718.542675 	 -0.039833 	 -0.029128 	 0.010705
1588972718.669916 	 0.007967 	 -0.022904 	 -0.030870
1588972718.784623 	 -0.016182 	 -0.046306 	 -0.030124
1588972718.831452 	 -0.013693 	 -0.079168 	 -0.065475
1588972718.969023 	 0.010954 	 -0.071948 	 -0.082902
1588972719.092315 	 0.023651 	 -0.035103 	 -0.058753
1588972719.205807 	 0.012199 	 -0.057509 	 -0.069707
1588972719.242065 	 0.011452 	 -0.053276 	 -0.064728
1588972719.369613 	 -0.001992 	 -0.043567 	 -0.041575
1588972719.484651 	 0.009709 	 -0.027136 	 -0.036845
1588972719.612200 	 0.006971 	 0.000498 	 -0.006473
1588972719.638254 	 0.010207 	 -0.036596 	 -0.046804
1588972719.764775 	 0.030124 	 -0.050538 	 -0.080661
1588972719.888000 	 0.022655 	 -0.032115 	 -0.054770
1588972719.921452 	 0.015684 	 -0.026140 	 -0.041824
1588972720.069737 	 0.013195 	 -0.082155 	 -0.095350
1588972720.204586 	 -0.027385 	 -0.341815 	 -0.314430
1588972720.224000 	 -0.042820 	 -0.364968 	 -0.322148
1588972720.367411 	 -0.022904 	 -0.462807 	 -0.439904
1588972720.469000 	 -0.018672 	 -0.459322 	 -0.440650
1588972720.568103 	 -0.003734 	 -0.515088 	 -0.511354
1588972720.687258 	 0.001992 	 -0.526291 	 -0.528283
1588972720.741594 	 -0.010705 	 -0.521561 	 -0.510856
1588972720.884888 	 -0.009709 	 -0.538241 	 -0.528532
1588972720.919467 	 -0.018174 	 -0.550689 	 -0.532515
1588972721.055306 	 0.020165 	 -0.457579 	 -0.477745
1588972721.177580 	 0.026389 	 -0.312439 	 -0.338828
1588972721.307927 	 0.033858 	 -0.159829 	 -0.193687
1588972721.334042 	 0.031119 	 -0.128959 	 -0.160078
1588972721.480061 	 0.043567 	 -0.003485 	 -0.047053
1588972721.598494 	 0.054272 	 0.016680 	 -0.037592
1588972721.625769 	 0.050289 	 0.008216 	 -0.042073
1588972721.757979 	 0.023153 	 0.030870 	 0.007718
1588972721.873857 	 0.048795 	 0.026887 	 -0.021908
1588972721.998105 	 0.058007 	 0.009958 	 -0.048048
1588972722.024028 	 0.065475 	 0.061741 	 -0.003734
1588972722.155136 	 0.049044 	 0.026887 	 -0.022157
1588972722.270190 	 0.060496 	 0.033360 	 -0.027136
1588972722.386338 	 0.056513 	 0.018423 	 -0.038090
1588972722.420125 	 0.052778 	 0.019667 	 -0.033111
1588972722.552924 	 0.071450 	 0.054770 	 -0.016680
1588972722.674620 	 0.061990 	 0.093358 	 0.031368
1588972722.819778 	 0.013444 	 0.258166 	 0.244723
1588972722.845118 	 -0.027883 	 0.285303 	 0.313185
1588972722.984329 	 -0.040082 	 0.332355 	 0.372437
1588972723.110950 	 -0.028132 	 0.369698 	 0.397830
1588972723.136781 	 -0.028381 	 0.360736 	 0.389117
1588972723.274636 	 -0.020912 	 0.295012 	 0.315924
1588972723.389767 	 0.008464 	 0.278332 	 0.269867
1588972723.513307 	 0.011452 	 0.249453 	 0.238001
1588972723.554083 	 0.006971 	 0.206135 	 0.199164
1588972723.674816 	 0.032862 	 0.172526 	 0.139664
1588972723.794964 	 0.040082 	 0.148626 	 0.108544
1588972723.821012 	 0.037592 	 0.122237 	 0.084645
1588972723.972525 	 0.064977 	 0.145639 	 0.080661
1588972724.091458 	 0.066969 	 0.099582 	 0.032613
1588972724.207098 	 0.077923 	 0.075184 	 -0.002739
1588972724.242486 	 0.046306 	 0.074935 	 0.028630
1588972724.370413 	 0.050040 	 0.042571 	 -0.007469
1588972724.486313 	 0.058504 	 0.052032 	 -0.006473
1588972724.619427 	 0.079417 	 0.028879 	 -0.050538
1588972724.643591 	 0.059251 	 0.035601 	 -0.023651
1588972724.767530 	 0.070703 	 0.017427 	 -0.053276
1588972724.889941 	 0.056264 	 0.029377 	 -0.026887
1588972725.014809 	 0.057011 	 0.015933 	 -0.041078
1588972725.040262 	 0.050040 	 0.030373 	 -0.019667
1588972725.171040 	 0.070454 	 0.020912 	 -0.049542
1588972725.287581 	 0.055019 	 0.013444 	 -0.041575
1588972725.411629 	 0.041327 	 -0.037592 	 -0.078919
1588972725.437247 	 0.031368 	 -0.076429 	 -0.107798
1588972725.573980 	 0.025393 	 -0.244225 	 -0.269618
1588972725.683318 	 0.001494 	 -0.411523 	 -0.413016
1588972725.811419 	 -0.002739 	 -0.385134 	 -0.382395
1588972725.837447 	 -0.010207 	 -0.364968 	 -0.354761
1588972725.964263 	 -0.001743 	 -0.340820 	 -0.339077
1588972726.080423 	 0.016182 	 -0.329368 	 -0.345550
1588972726.204330 	 -0.005975 	 -0.328123 	 -0.322148
1588972726.240177 	 -0.008216 	 -0.359740 	 -0.351525
1588972726.369292 	 0.009958 	 -0.308206 	 -0.318165
1588972726.485575 	 0.011950 	 -0.254930 	 -0.266880
1588972726.616511 	 0.019667 	 -0.176260 	 -0.195928
1588972726.641526 	 0.018921 	 -0.166053 	 -0.184974
1588972726.771808 	 0.020912 	 -0.136427 	 -0.157340
1588972726.888218 	 0.042571 	 -0.053525 	 -0.096097
1588972727.022823 	 0.049293 	 -0.001992 	 -0.051285
1588972727.049026 	 0.021410 	 -0.015186 	 -0.036596
1588972727.172551 	 0.038090 	 0.010705 	 -0.027385
1588972727.293803 	 0.047301 	 -0.001245 	 -0.048546
1588972727.319595 	 0.024647 	 -0.014937 	 -0.039584
1588972727.449435 	 0.050289 	 -0.000747 	 -0.051036
1588972727.572310 	 0.047550 	 0.017925 	 -0.029626
1588972727.695968 	 0.036845 	 0.007967 	 -0.028879
1588972727.722308 	 0.045061 	 0.016680 	 -0.028381
1588972727.859081 	 0.039086 	 0.005477 	 -0.033609
1588972727.974341 	 0.034356 	 0.000996 	 -0.033360
1588972728.100615 	 0.038339 	 -0.006971 	 -0.045310
1588972728.125577 	 0.054023 	 0.005477 	 -0.048546
1588972728.269438 	 0.017925 	 0.135183 	 0.117258
1588972728.387690 	 -0.047301 	 0.296008 	 0.343309
1588972728.512991 	 -0.053525 	 0.336338 	 0.389864
1588972728.540855 	 -0.058753 	 0.311692 	 0.370445
1588972728.670167 	 -0.034107 	 0.268374 	 0.302480
1588972728.796881 	 -0.026140 	 0.258913 	 0.285054
1588972728.882921 	 -0.014937 	 0.238499 	 0.253436
1588972728.957922 	 -0.002987 	 0.215097 	 0.218085
1588972729.073851 	 0.006473 	 0.164061 	 0.157589
1588972729.199917 	 -0.001743 	 0.141406 	 0.143149
1588972729.226652 	 0.021659 	 0.176011 	 0.154352
1588972729.365001 	 0.041575 	 0.119996 	 0.078421
1588972729.480992 	 0.036596 	 0.096097 	 0.059500
1588972729.614430 	 0.042322 	 0.041575 	 -0.000747
1588972729.640247 	 0.029626 	 0.028630 	 -0.000996
1588972729.788439 	 0.052530 	 0.032364 	 -0.020165
1588972729.895574 	 0.044065 	 0.016929 	 -0.027136
1588972729.922200 	 0.076927 	 0.016182 	 -0.060745
1588972730.053679 	 0.040082 	 0.020165 	 -0.019916
1588972730.172265 	 0.041575 	 0.026140 	 -0.015435
1588972730.293106 	 0.051036 	 0.025642 	 -0.025393
1588972730.318820 	 0.037592 	 -0.011701 	 -0.049293
1588972730.449302 	 0.038090 	 0.000747 	 -0.037343
1588972730.568206 	 0.048795 	 0.015684 	 -0.033111
1588972730.690449 	 0.052032 	 0.022904 	 -0.029128
1588972730.722333 	 0.095848 	 0.005975 	 -0.089873
1588972730.848434 	 0.053027 	 0.008713 	 -0.044314
1588972730.964257 	 0.058504 	 -0.114519 	 -0.173024
1588972731.087810 	 0.004232 	 -0.421730 	 -0.425962
1588972731.212966 	 -0.005477 	 -0.581061 	 -0.575584
1588972731.238972 	 -0.019170 	 -0.514839 	 -0.495670
1588972731.365775 	 0.001494 	 -0.470774 	 -0.472268
1588972731.490333 	 0.008216 	 -0.405050 	 -0.413265
1588972731.522821 	 0.023402 	 -0.427705 	 -0.451107
1588972731.660694 	 -0.000747 	 -0.377416 	 -0.376669
1588972731.783414 	 0.017676 	 -0.311692 	 -0.329368
1588972731.899317 	 0.034605 	 -0.273602 	 -0.308206
1588972731.925751 	 0.049542 	 -0.211363 	 -0.260905
1588972732.053323 	 0.020414 	 -0.164310 	 -0.184725
1588972732.169861 	 0.037841 	 -0.094603 	 -0.132444
1588972732.304912 	 0.046057 	 -0.029875 	 -0.075931
1588972732.332205 	 0.069210 	 -0.012199 	 -0.081408
1588972732.468374 	 0.062986 	 -0.004232 	 -0.067218
1588972732.593354 	 0.036596 	 0.012448 	 -0.024149
1588972732.707200 	 0.046804 	 0.032862 	 -0.013941
1588972732.740698 	 0.041327 	 0.000000 	 -0.041327
1588972732.868382 	 0.049044 	 0.024896 	 -0.024149
1588972732.985466 	 0.057758 	 0.037094 	 -0.020663
1588972733.118980 	 0.063235 	 0.046804 	 -0.016431
1588972733.145318 	 0.060496 	 0.002490 	 -0.058007
1588972733.272955 	 0.058753 	 0.061741 	 0.002987
1588972733.410479 	 0.013941 	 0.212359 	 0.198417
1588972733.436594 	 0.000996 	 0.267129 	 0.266133
1588972733.576219 	 -0.038588 	 0.366711 	 0.405299
1588972733.686557 	 -0.053774 	 0.357251 	 0.411025
1588972733.830492 	 -0.043816 	 0.290780 	 0.334596
1588972733.866088 	 -0.032613 	 0.263643 	 0.296257
1588972733.989866 	 -0.011452 	 0.199164 	 0.210616
1588972734.116916 	 -0.020414 	 0.212110 	 0.232524
1588972734.143215 	 0.014190 	 0.180243 	 0.166053
1588972734.274406 	 0.012697 	 0.131448 	 0.118752
1588972734.399292 	 0.020414 	 0.126967 	 0.106553
1588972734.422007 	 -0.005726 	 0.107798 	 0.113524
1588972734.553201 	 0.039335 	 0.097839 	 0.058504
1588972734.677974 	 0.028630 	 0.060247 	 0.031617
1588972734.800152 	 0.038339 	 0.057260 	 0.018921
1588972734.826786 	 0.036098 	 0.039833 	 0.003734
1588972734.958113 	 0.042820 	 -0.004730 	 -0.047550
1588972735.075724 	 0.054521 	 -0.008713 	 -0.063235
1588972735.201993 	 0.068712 	 0.014439 	 -0.054272
1588972735.228779 	 0.048795 	 0.019916 	 -0.028879
1588972735.363932 	 0.042073 	 0.010954 	 -0.031119
1588972735.490112 	 0.044812 	 0.020414 	 -0.024398
1588972735.623306 	 0.051534 	 0.012448 	 -0.039086
1588972735.655245 	 0.033111 	 0.025642 	 -0.007469
1588972735.781547 	 0.042073 	 -0.016431 	 -0.058504
1588972735.907732 	 0.050538 	 0.030621 	 -0.019916
1588972735.946069 	 0.052530 	 0.027136 	 -0.025393
1588972736.065976 	 0.038588 	 0.017925 	 -0.020663
1588972736.193368 	 0.042820 	 0.027385 	 -0.015435
1588972736.309021 	 0.050040 	 -0.016431 	 -0.066471
1588972736.344278 	 0.038588 	 -0.112279 	 -0.150867
1588972736.473391 	 0.024647 	 -0.354761 	 -0.379408
1588972736.597419 	 0.000249 	 -0.450858 	 -0.451107
1588972736.646873 	 -0.005975 	 -0.428203 	 -0.422228
1588972736.747087 	 0.007220 	 -0.419489 	 -0.426709
1588972736.877899 	 0.012448 	 -0.379408 	 -0.391855
1588972737.004869 	 0.024149 	 -0.316173 	 -0.340322
1588972737.031232 	 0.045559 	 -0.329865 	 -0.375424
1588972737.165790 	 0.041327 	 -0.280074 	 -0.321401
1588972737.295661 	 0.026389 	 -0.229786 	 -0.256175
1588972737.412298 	 0.033609 	 -0.109540 	 -0.143149
1588972737.447833 	 0.030373 	 -0.066471 	 -0.096844
1588972737.579932 	 0.052530 	 -0.034854 	 -0.087383
1588972737.703117 	 0.051534 	 0.011701 	 -0.039833
1588972737.727913 	 0.071450 	 0.016680 	 -0.054770
1588972737.875276 	 0.075433 	 0.015684 	 -0.059749
1588972738.001279 	 0.062737 	 0.016680 	 -0.046057
1588972738.027903 	 0.091367 	 0.045310 	 -0.046057
1588972738.174842 	 0.071201 	 0.018921 	 -0.052281
1588972738.299951 	 0.050289 	 0.005975 	 -0.044314
1588972738.317880 	 0.048546 	 -0.000747 	 -0.049293
1588972738.451147 	 0.041575 	 0.030373 	 -0.011203
1588972738.579709 	 0.063484 	 0.051036 	 -0.012448
1588972738.702448 	 0.037343 	 0.100578 	 0.063235
1588972738.728567 	 0.017676 	 0.148626 	 0.130950
1588972738.888084 	 -0.037343 	 0.382395 	 0.419738
1588972739.006013 	 -0.056513 	 0.406544 	 0.463056
1588972739.043176 	 -0.065475 	 0.395839 	 0.461314
1588972739.184472 	 -0.040082 	 0.375424 	 0.415506
1588972739.313493 	 -0.028132 	 0.316422 	 0.344554
1588972739.340920 	 0.024398 	 0.315675 	 0.291277
1588972739.477222 	 0.006224 	 0.247212 	 0.240989
1588972739.607439 	 0.015435 	 0.210616 	 0.195181
1588972739.626231 	 0.013195 	 0.214848 	 0.201654
1588972739.752185 	 0.036596 	 0.158584 	 0.121988
1588972739.893228 	 0.023402 	 0.153356 	 0.129955
1588972739.920628 	 0.021410 	 0.107300 	 0.085890
1588972740.059186 	 0.037841 	 0.124975 	 0.087134
1588972740.181294 	 0.044065 	 0.088628 	 0.044563
1588972740.309544 	 0.062737 	 0.070205 	 0.007469
1588972740.336894 	 0.069707 	 0.073193 	 0.003485
1588972740.466929 	 0.058753 	 0.046306 	 -0.012448
1588972740.602392 	 0.065226 	 0.038090 	 -0.027136
1588972740.631211 	 0.061990 	 0.031368 	 -0.030621
1588972740.763125 	 0.058753 	 0.024398 	 -0.034356
1588972740.882588 	 0.058504 	 0.026638 	 -0.031866
1588972741.010887 	 0.035103 	 0.038090 	 0.002987
1588972741.039220 	 0.043567 	 0.033360 	 -0.010207
1588972741.173229 	 0.067965 	 0.038837 	 -0.029128
1588972741.301605 	 0.035352 	 0.022406 	 -0.012946
1588972741.328675 	 -0.001245 	 0.025642 	 0.026887
1588972741.465207 	 0.057758 	 0.008713 	 -0.049044
1588972741.594104 	 0.044563 	 -0.088628 	 -0.133191
1588972741.712435 	 0.015186 	 -0.460816 	 -0.476002
1588972741.776121 	 -0.000996 	 -0.530025 	 -0.529030
1588972741.898698 	 0.002490 	 -0.507121 	 -0.509611
1588972741.946158 	 -0.000498 	 -0.471521 	 -0.471023
1588972742.050316 	 0.000996 	 -0.435671 	 -0.436667
1588972742.170439 	 0.013941 	 -0.371939 	 -0.385880
1588972742.301264 	 0.011203 	 -0.396088 	 -0.407291
1588972742.328637 	 0.022655 	 -0.350280 	 -0.372935
1588972742.463094 	 0.019170 	 -0.304472 	 -0.323642
1588972742.589469 	 0.022904 	 -0.262399 	 -0.285303
1588972742.704531 	 0.036596 	 -0.197421 	 -0.234018
1588972742.757232 	 0.043567 	 -0.144145 	 -0.187712
1588972742.880110 	 0.053276 	 -0.115266 	 -0.168543
1588972743.014042 	 0.052032 	 -0.032115 	 -0.084147
1588972743.043300 	 0.073193 	 -0.019916 	 -0.093109
1588972743.172474 	 0.056513 	 -0.026638 	 -0.083151
1588972743.300868 	 0.046555 	 -0.006224 	 -0.052778
1588972743.327993 	 0.053276 	 -0.015186 	 -0.068463
1588972743.461163 	 0.061243 	 -0.000249 	 -0.061492
1588972743.588770 	 0.069956 	 -0.004232 	 -0.074189
1588972743.703381 	 0.037094 	 0.011950 	 -0.025144
1588972743.737134 	 0.087632 	 0.016431 	 -0.071201
1588972743.869811 	 0.039086 	 0.041575 	 0.002490
1588972743.986137 	 0.049044 	 0.059998 	 0.010954
1588972744.113067 	 0.020912 	 0.173024 	 0.152112
1588972744.139332 	 0.009460 	 0.269120 	 0.259660
1588972744.266060 	 -0.039335 	 0.333102 	 0.372437
1588972744.393934 	 -0.036347 	 0.347541 	 0.383889
1588972744.421894 	 -0.015684 	 0.312688 	 0.328372
1588972744.556338 	 -0.017427 	 0.282813 	 0.300240
1588972744.679122 	 -0.026389 	 0.279079 	 0.305468
1588972744.797379 	 -0.026389 	 0.241486 	 0.267876
1588972744.826506 	 -0.034356 	 0.232773 	 0.267129
1588972744.971257 	 0.019418 	 0.197919 	 0.178501
1588972745.085262 	 0.020663 	 0.175015 	 0.154352
1588972745.211113 	 0.014190 	 0.144394 	 0.130204
1588972745.237143 	 0.020663 	 0.126469 	 0.105806
1588972745.371477 	 0.028381 	 0.109042 	 0.080661
1588972745.490771 	 0.056762 	 0.077923 	 0.021161
1588972745.527456 	 0.076429 	 0.067467 	 -0.008962
1588972745.675068 	 0.053525 	 0.028381 	 -0.025144
1588972745.794133 	 0.056513 	 0.055268 	 -0.001245
1588972745.825645 	 0.032364 	 0.037094 	 0.004730
1588972745.961535 	 0.037592 	 0.013444 	 -0.024149
1588972746.086198 	 0.041327 	 0.026389 	 -0.014937
1588972746.212600 	 0.061243 	 0.027385 	 -0.033858
1588972746.238465 	 0.049293 	 -0.016929 	 -0.066222
1588972746.371671 	 0.052032 	 0.029875 	 -0.022157
1588972746.490667 	 0.057758 	 0.028630 	 -0.029128
1588972746.625551 	 0.058007 	 0.018921 	 -0.039086
1588972746.651535 	 0.060247 	 0.008713 	 -0.051534
1588972746.779848 	 0.049542 	 0.013444 	 -0.036098
1588972746.898636 	 0.032862 	 0.019170 	 -0.013693
1588972746.925024 	 0.046057 	 0.027634 	 -0.018423
1588972747.073131 	 0.048048 	 -0.006722 	 -0.054770
1588972747.190895 	 0.052778 	 0.016929 	 -0.035850
1588972747.299415 	 0.066720 	 0.008464 	 -0.058255
1588972747.338836 	 0.060247 	 -0.002739 	 -0.062986
1588972747.470101 	 0.060496 	 -0.014937 	 -0.075433
1588972747.597148 	 0.023651 	 -0.311941 	 -0.335591
1588972747.645936 	 0.030373 	 -0.450111 	 -0.480483
1588972747.745827 	 0.012448 	 -0.487952 	 -0.500400
1588972747.871629 	 0.011701 	 -0.442891 	 -0.454592
1588972747.993201 	 0.003734 	 -0.341815 	 -0.345550
1588972748.110397 	 0.040829 	 -0.313185 	 -0.354014
1588972748.146136 	 0.032862 	 -0.277087 	 -0.309949
1588972748.267268 	 0.038588 	 -0.260158 	 -0.298746
1588972748.393559 	 0.036098 	 -0.196923 	 -0.233022
1588972748.419934 	 0.045559 	 -0.186218 	 -0.231777
1588972748.555286 	 0.051783 	 -0.045061 	 -0.096844
1588972748.677389 	 0.042571 	 0.027136 	 -0.015435
1588972748.803437 	 0.077425 	 0.026638 	 -0.050787
1588972748.829694 	 0.043069 	 0.040829 	 -0.002241
1588972748.961553 	 0.044812 	 0.025642 	 -0.019170
1588972749.079562 	 0.056762 	 0.040580 	 -0.016182
1588972749.199412 	 0.049044 	 0.013195 	 -0.035850
1588972749.225763 	 0.060496 	 0.009958 	 -0.050538
1588972749.355745 	 0.073940 	 0.040580 	 -0.033360
1588972749.475428 	 0.059500 	 0.030870 	 -0.028630
1588972749.610324 	 0.060994 	 0.024398 	 -0.036596
1588972749.637456 	 0.059998 	 0.014439 	 -0.045559
1588972749.787403 	 0.074438 	 0.025393 	 -0.049044
1588972749.895607 	 0.053525 	 0.041824 	 -0.011701
1588972749.922254 	 0.060994 	 0.007469 	 -0.053525
1588972750.053581 	 0.052032 	 0.102072 	 0.050040
1588972750.171495 	 0.028630 	 0.250449 	 0.221819
1588972750.300204 	 -0.011701 	 0.299742 	 0.311443
1588972750.327012 	 -0.026887 	 0.304223 	 0.331110
1588972750.463173 	 -0.033609 	 0.335840 	 0.369449
1588972750.590533 	 0.004979 	 0.274597 	 0.269618
1588972750.704755 	 0.016680 	 0.236756 	 0.220076
1588972750.755416 	 0.013195 	 0.235014 	 0.221819
1588972750.879613 	 0.048297 	 0.171032 	 0.122735
1588972751.005693 	 0.040580 	 0.153107 	 0.112528
1588972751.031942 	 0.047799 	 0.138170 	 0.090371
1588972751.164883 	 0.055766 	 0.137174 	 0.081408
1588972751.293558 	 0.060745 	 0.082902 	 0.022157
1588972751.410629 	 0.056015 	 0.028630 	 -0.027385
1588972751.451138 	 0.060994 	 0.023900 	 -0.037094
1588972751.577469 	 0.048297 	 0.024647 	 -0.023651
1588972751.701504 	 0.070703 	 0.033360 	 -0.037343
1588972751.726486 	 0.069956 	 0.046555 	 -0.023402
1588972751.880311 	 0.061492 	 0.011452 	 -0.050040
1588972752.006001 	 0.063732 	 0.048297 	 -0.015435
1588972752.032261 	 0.074438 	 0.045061 	 -0.029377
1588972752.162725 	 0.068463 	 0.044314 	 -0.024149
1588972752.289528 	 0.052530 	 0.047301 	 -0.005228
1588972752.344578 	 0.054770 	 0.038588 	 -0.016182
1588972752.452835 	 0.067716 	 0.034107 	 -0.033609
1588972752.590327 	 0.070703 	 0.024398 	 -0.046306
1588972752.705313 	 0.043816 	 0.047053 	 0.003236
1588972752.738730 	 0.065226 	 0.071699 	 0.006473
1588972752.885153 	 0.073940 	 0.038588 	 -0.035352
1588972753.009816 	 0.084147 	 0.053027 	 -0.031119
1588972753.036485 	 0.069458 	 0.055517 	 -0.013941
1588972753.166313 	 0.068214 	 0.062737 	 -0.005477
1588972753.291529 	 0.042322 	 0.044812 	 0.002490
1588972753.345966 	 0.068712 	 0.041327 	 -0.027385
1588972753.456227 	 0.046306 	 -0.016929 	 -0.063235
1588972753.580169 	 0.037094 	 -0.132195 	 -0.169289
1588972753.703447 	 0.047799 	 -0.247710 	 -0.295510
1588972753.729547 	 0.026140 	 -0.244225 	 -0.270365
1588972753.874687 	 0.052281 	 -0.224309 	 -0.276589
1588972754.001085 	 0.050289 	 -0.199911 	 -0.250200
1588972754.026450 	 0.066471 	 -0.190700 	 -0.257171
1588972754.167707 	 0.056264 	 -0.167298 	 -0.223562
1588972754.284263 	 0.067965 	 -0.127714 	 -0.195679
1588972754.407843 	 0.082653 	 -0.125473 	 -0.208126
1588972754.433173 	 0.068712 	 -0.121988 	 -0.190700
1588972754.568327 	 0.060745 	 -0.116760 	 -0.177505
1588972754.688946 	 0.060247 	 -0.034356 	 -0.094603
1588972754.815282 	 0.075682 	 0.000498 	 -0.075184
1588972754.841235 	 0.068463 	 0.016431 	 -0.052032
1588972754.968436 	 0.069956 	 0.017925 	 -0.052032
1588972755.097311 	 0.081657 	 0.025144 	 -0.056513
1588972755.123521 	 0.081906 	 0.020414 	 -0.061492
1588972755.261086 	 0.072944 	 0.017925 	 -0.055019
1588972755.377458 	 0.070703 	 0.021908 	 -0.048795
1588972755.493925 	 0.056762 	 0.061492 	 0.004730
1588972755.520653 	 0.062737 	 0.065724 	 0.002987
1588972755.663564 	 0.064728 	 0.063235 	 -0.001494
1588972755.802324 	 0.064479 	 0.070205 	 0.005726
1588972755.820593 	 0.093607 	 0.069956 	 -0.023651
1588972755.948630 	 0.074935 	 0.088877 	 0.013941
1588972756.071649 	 0.059002 	 0.219080 	 0.160078
1588972756.198026 	 0.031617 	 0.306962 	 0.275344
1588972756.224114 	 0.016182 	 0.312688 	 0.296505
1588972756.354738 	 0.010705 	 0.312439 	 0.301734
1588972756.488081 	 0.006971 	 0.284058 	 0.277087
1588972756.622016 	 0.038339 	 0.277087 	 0.238748
1588972756.647336 	 0.062239 	 0.216093 	 0.153854
1588972756.783447 	 0.068961 	 0.252191 	 0.183231
1588972756.901370 	 0.063732 	 0.221819 	 0.158086
1588972756.926435 	 0.051534 	 0.204143 	 0.152609
1588972757.068550 	 0.064479 	 0.147630 	 0.083151
1588972757.184990 	 0.083400 	 0.101823 	 0.018423
1588972757.310260 	 0.072197 	 0.099831 	 0.027634
1588972757.336491 	 0.043816 	 0.104810 	 0.060994
1588972757.472612 	 0.082404 	 0.083151 	 0.000747
1588972757.606459 	 0.101574 	 0.054272 	 -0.047301
1588972757.633411 	 0.066471 	 0.066222 	 -0.000249
1588972757.763600 	 0.096595 	 0.056513 	 -0.040082
1588972757.880802 	 0.075682 	 0.063732 	 -0.011950
1588972758.006089 	 0.087383 	 0.069707 	 -0.017676
1588972758.032062 	 0.075184 	 0.048546 	 -0.026638
1588972758.167288 	 0.104312 	 0.069210 	 -0.035103
1588972758.293009 	 0.115017 	 0.058504 	 -0.056513
1588972758.319372 	 0.096595 	 0.046057 	 -0.050538
1588972758.463895 	 0.091864 	 0.059002 	 -0.032862
1588972758.590820 	 0.087632 	 0.054023 	 -0.033609
1588972758.704998 	 0.080910 	 0.079666 	 -0.001245
1588972758.743234 	 0.073940 	 0.077176 	 0.003236
1588972758.874023 	 0.087632 	 0.054770 	 -0.032862
1588972758.992633 	 0.097341 	 0.045310 	 -0.052032
1588972759.109805 	 0.081657 	 -0.078670 	 -0.160327
1588972759.146181 	 0.082902 	 -0.234267 	 -0.317169
1588972759.270990 	 0.033609 	 -0.487952 	 -0.521561
1588972759.386726 	 0.028381 	 -0.463554 	 -0.491935
1588972759.429821 	 0.034605 	 -0.412021 	 -0.446625
1588972759.574624 	 0.051285 	 -0.258415 	 -0.309700
1588972759.684162 	 0.067467 	 -0.157340 	 -0.224806
1588972759.846122 	 0.063484 	 -0.147879 	 -0.211363
1588972759.871646 	 0.096595 	 -0.084147 	 -0.180741
1588972759.985974 	 0.085143 	 -0.016929 	 -0.102072
1588972760.105292 	 0.049542 	 -0.012199 	 -0.061741
1588972760.141085 	 0.074935 	 0.049542 	 -0.025393
1588972760.270666 	 0.088379 	 -0.009709 	 -0.098088
1588972760.386348 	 0.076678 	 0.021410 	 -0.055268
1588972760.512494 	 0.079915 	 0.022655 	 -0.057260
1588972760.541458 	 0.082902 	 0.026389 	 -0.056513
1588972760.669497 	 0.080910 	 0.059500 	 -0.021410
1588972760.786742 	 0.078172 	 0.110536 	 0.032364
1588972760.912098 	 0.062737 	 0.129955 	 0.067218
1588972760.947889 	 0.063235 	 0.170783 	 0.107549
1588972761.070285 	 -0.007220 	 0.413016 	 0.420236
1588972761.197582 	 -0.020414 	 0.433431 	 0.453845
1588972761.223873 	 -0.029377 	 0.452102 	 0.481479
1588972761.361745 	 -0.014190 	 0.398577 	 0.412768
1588972761.479495 	 0.001245 	 0.311692 	 0.310447
1588972761.609688 	 0.037094 	 0.231030 	 0.193936
1588972761.636561 	 0.056015 	 0.191695 	 0.135681
1588972761.763554 	 0.075931 	 0.173024 	 0.097092
1588972761.889866 	 0.065226 	 0.112030 	 0.046804
1588972762.015699 	 0.078421 	 0.113275 	 0.034854
1588972762.059824 	 0.046306 	 0.101823 	 0.055517
1588972762.183565 	 0.064479 	 0.070454 	 0.005975
1588972762.314408 	 0.066471 	 0.033360 	 -0.033111
1588972762.341335 	 0.035103 	 0.002739 	 -0.032364
1588972762.465147 	 0.054023 	 0.042322 	 -0.011701
1588972762.595674 	 0.066720 	 0.063981 	 -0.002739
1588972762.622902 	 0.070205 	 0.066969 	 -0.003236
1588972762.755679 	 0.054272 	 0.063235 	 0.008962
1588972762.879718 	 0.055268 	 0.056264 	 0.000996
1588972763.006623 	 0.077923 	 0.037094 	 -0.040829
1588972763.032971 	 0.085890 	 0.039833 	 -0.046057
1588972763.164344 	 0.076927 	 0.060247 	 -0.016680
1588972763.278676 	 0.079168 	 0.062488 	 -0.016680
1588972763.403942 	 0.070952 	 0.055517 	 -0.015435
1588972763.429860 	 0.088877 	 0.087632 	 -0.001245
1588972763.573993 	 0.067218 	 0.037094 	 -0.030124
1588972763.689242 	 0.071699 	 0.049293 	 -0.022406
1588972763.747783 	 0.358246 	 0.478741 	 0.120494
1588972763.860151 	 0.289037 	 0.314679 	 0.025642
1588972763.987772 	 0.259909 	 0.305966 	 0.046057
1588972764.116615 	 0.460816 	 0.560896 	 0.100080
1588972764.142864 	 0.581808 	 0.710020 	 0.128212
1588972764.268815 	 0.641308 	 0.781968 	 0.140660
1588972764.394452 	 0.406295 	 0.450609 	 0.044314
1588972764.420591 	 0.310447 	 0.306962 	 -0.003485
1588972764.565039 	 0.402311 	 0.429448 	 0.027136
1588972764.687554 	 -0.363474 	 -0.601724 	 -0.238250
1588972764.814991 	 -2.260263 	 -3.244383 	 -0.984119
1588972764.842168 	 -2.972275 	 -4.255389 	 -1.283114
1588972764.971570 	 -4.390323 	 -6.096412 	 -1.706089
1588972765.107943 	 -4.833961 	 -6.595816 	 -1.761855
1588972765.144678 	 -5.127230 	 -7.203017 	 -2.075787
1588972765.275520 	 -7.051902 	 -9.896213 	 -2.844312
1588972765.399583 	 -7.212478 	 -9.941523 	 -2.729046
1588972765.424220 	 -6.813403 	 -9.328596 	 -2.515193
1588972765.565484 	 -5.118018 	 -7.134804 	 -2.016785
1588972765.682680 	 -3.770923 	 -5.014951 	 -1.244029
1588972765.810392 	 -1.953799 	 -2.626476 	 -0.672677
1588972765.836014 	 -1.870400 	 -2.446731 	 -0.576331
1588972765.963012 	 -0.656495 	 -0.841717 	 -0.185223
1588972766.088027 	 -0.109789 	 -0.197172 	 -0.087383
1588972766.205462 	 -0.154850 	 -0.232026 	 -0.077176
1588972766.230669 	 -0.206882 	 -0.374677 	 -0.167796
1588972766.360240 	 -0.600231 	 -0.802382 	 -0.202152
1588972766.474778 	 -0.497412 	 -0.744127 	 -0.246714
1588972766.601289 	 -0.285800 	 -0.489944 	 -0.204143
1588972766.629283 	 -0.464301 	 -0.637574 	 -0.173273
1588972766.765228 	 -1.212660 	 -1.666754 	 -0.454094
1588972766.877994 	 -1.344606 	 -1.873138 	 -0.528532
1588972767.002230 	 1.246269 	 1.689658 	 0.443389
1588972767.028382 	 1.321205 	 2.056867 	 0.735662
1588972767.163738 	 2.072800 	 2.922235 	 0.849435
1588972767.290644 	 0.671183 	 1.458877 	 0.787694
1588972767.346949 	 0.691846 	 1.584848 	 0.893002
1588972767.457263 	 1.135982 	 2.155702 	 1.019720
1588972767.577829 	 4.669899 	 6.329932 	 1.660032
1588972767.706207 	 5.366476 	 7.182354 	 1.815878
1588972767.730738 	 5.405064 	 7.229407 	 1.824343
1588972767.874532 	 5.554188 	 7.440023 	 1.885835
1588972768.009133 	 5.435934 	 7.239116 	 1.803182
1588972768.034373 	 5.264653 	 6.963025 	 1.698372
1588972768.171320 	 4.265098 	 5.570619 	 1.305520
1588972768.295013 	 3.053185 	 4.065685 	 1.012500
1588972768.320268 	 2.521666 	 3.396992 	 0.875326
1588972768.452410 	 1.823347 	 2.371297 	 0.547950
1588972768.576773 	 1.583852 	 2.059356 	 0.475504
1588972768.701245 	 1.507921 	 1.940107 	 0.432186
1588972768.726583 	 1.483523 	 1.937617 	 0.454094
1588972768.864665 	 1.389418 	 1.786502 	 0.397083
1588972768.979556 	 1.288343 	 1.669244 	 0.380901
1588972769.103406 	 1.095153 	 1.421036 	 0.325882
1588972769.127960 	 0.998310 	 1.289836 	 0.291526
1588972769.256937 	 0.934826 	 1.177806 	 0.242980
1588972769.382408 	 0.552431 	 0.639068 	 0.086636
1588972769.494850 	 0.312439 	 0.247710 	 -0.064728
1588972769.536945 	 0.216093 	 0.094852 	 -0.121241
1588972769.670213 	 -0.054023 	 -0.348537 	 -0.294514
1588972769.781934 	 -0.142900 	 -0.504881 	 -0.361981
1588972769.912819 	 -0.164061 	 -0.509860 	 -0.345799
1588972769.938288 	 -0.161821 	 -0.529030 	 -0.367209
1588972770.069988 	 -0.239246 	 -0.691846 	 -0.452600
1588972770.182255 	 -0.720227 	 -1.248510 	 -0.528283
1588972770.305770 	 -2.627223 	 -3.676071 	 -1.048848
1588972770.338347 	 -3.056173 	 -4.411733 	 -1.355560
1588972770.467741 	 -3.429356 	 -4.671393 	 -1.242037
1588972770.589401 	 -2.603074 	 -3.465704 	 -0.862629
1588972770.702396 	 -1.871395 	 -2.594112 	 -0.722717
1588972770.734918 	 -1.688662 	 -2.247069 	 -0.558406
1588972770.873120 	 -0.920138 	 -1.227846 	 -0.307708
1588972770.996911 	 -0.409780 	 -0.579567 	 -0.169787
1588972771.022302 	 -0.388370 	 -0.519818 	 -0.131448
1588972771.161260 	 -0.136427 	 -0.219329 	 -0.082902
1588972771.274204 	 -0.060247 	 -0.153107 	 -0.092860
1588972771.398370 	 -0.013195 	 -0.046057 	 -0.032862
1588972771.430033 	 0.022406 	 0.029128 	 0.006722
1588972771.561063 	 0.144643 	 0.177505 	 0.032862
1588972771.678827 	 0.236258 	 0.299244 	 0.062986
1588972771.792896 	 0.327874 	 0.471770 	 0.143896
1588972771.818304 	 0.338828 	 0.527038 	 0.188210
1588972771.955186 	 0.300987 	 0.561643 	 0.260656
1588972772.071602 	 0.332106 	 0.666204 	 0.334098
1588972772.193442 	 0.471023 	 0.840721 	 0.369698
1588972772.219362 	 0.534258 	 0.885782 	 0.351525
1588972772.346422 	 0.759313 	 1.235813 	 0.476500
1588972772.469632 	 1.823596 	 2.448971 	 0.625375
1588972772.609835 	 2.679504 	 3.498317 	 0.818813
1588972772.636249 	 2.720581 	 3.601633 	 0.881052
1588972772.760814 	 4.791638 	 6.405614 	 1.613976
1588972772.873988 	 6.146701 	 8.197344 	 2.050643
1588972773.003833 	 4.281529 	 5.414773 	 1.133244
1588972773.029312 	 3.818224 	 5.007482 	 1.189258
1588972773.178889 	 3.513005 	 4.643012 	 1.130007
1588972773.284767 	 2.930201 	 3.810506 	 0.880305
1588972773.346764 	 2.410632 	 3.126129 	 0.715497
1588972773.443067 	 2.447726 	 3.221479 	 0.773752
1588972773.581366 	 2.529384 	 3.292431 	 0.763047
1588972773.691253 	 2.384990 	 3.111192 	 0.726202
1588972773.722176 	 2.311548 	 3.022564 	 0.711016
1588972773.853706 	 2.223916 	 2.891115 	 0.667200
1588972773.970169 	 2.177610 	 2.830619 	 0.653009
1588972774.105161 	 2.015042 	 2.595855 	 0.580812
1588972774.130970 	 1.869155 	 2.438017 	 0.568862
1588972774.271584 	 0.763545 	 0.918644 	 0.155099
1588972774.389066 	 0.563385 	 0.631599 	 0.068214
1588972774.424328 	 0.377416 	 0.373682 	 -0.003734
1588972774.556037 	 0.134436 	 -0.085641 	 -0.220076
1588972774.678093 	 -0.118254 	 -0.431688 	 -0.313434
1588972774.790339 	 -0.134187 	 -0.517827 	 -0.383640
1588972774.875735 	 -0.130701 	 -0.502391 	 -0.371690
1588972774.967788 	 -0.123980 	 -0.494176 	 -0.370196
1588972775.085396 	 -0.422975 	 -0.808606 	 -0.385631
1588972775.212163 	 -1.761606 	 -2.589382 	 -0.827776
1588972775.238226 	 -2.007823 	 -2.937421 	 -0.929598
1588972775.371886 	 -3.009618 	 -4.281778 	 -1.272160
1588972775.491666 	 -3.862289 	 -5.351289 	 -1.489000
1588972775.617752 	 -4.110995 	 -5.655513 	 -1.544517
1588972775.652503 	 -4.057221 	 -5.456846 	 -1.399625
1588972775.784156 	 -3.615326 	 -4.940762 	 -1.325437
1588972775.907170 	 -2.739253 	 -3.705198 	 -0.965946
1588972775.935675 	 -2.454199 	 -3.328280 	 -0.874081
1588972776.069476 	 -1.989649 	 -2.584652 	 -0.595003
1588972776.195207 	 -1.251248 	 -1.688164 	 -0.436916
1588972776.311217 	 -0.895989 	 -1.215150 	 -0.319160
1588972776.346084 	 -0.845202 	 -1.222867 	 -0.377665
1588972776.465865 	 -1.042624 	 -1.451159 	 -0.408535
1588972776.597583 	 -0.670934 	 -0.896238 	 -0.225304
1588972776.625073 	 -0.408286 	 -0.573344 	 -0.165057
1588972776.745724 	 0.192193 	 0.291277 	 0.099084
1588972776.879928 	 0.468782 	 0.679149 	 0.210367
1588972777.003980 	 0.487703 	 0.775744 	 0.288041
1588972777.029273 	 0.450360 	 0.721472 	 0.271112
1588972777.162825 	 0.360238 	 0.755579 	 0.395341
1588972777.277553 	 0.444883 	 0.919391 	 0.474508
1588972777.395128 	 0.567369 	 0.963207 	 0.395839
1588972777.420929 	 0.599235 	 1.081710 	 0.482475
1588972777.553585 	 1.229091 	 2.021266 	 0.792175
1588972777.673947 	 3.452509 	 4.655709 	 1.203200
1588972777.814807 	 3.572007 	 4.739358 	 1.167350
1588972777.840299 	 3.781628 	 5.001508 	 1.219880
1588972777.968298 	 5.748622 	 7.636946 	 1.888324
1588972778.093602 	 5.597755 	 7.503257 	 1.905502
1588972778.119295 	 5.194697 	 6.933399 	 1.738702
1588972778.249841 	 4.383103 	 5.684640 	 1.301537
1588972778.365194 	 3.703207 	 4.868566 	 1.165359
1588972778.491337 	 3.521221 	 4.585753 	 1.064532
1588972778.549963 	 3.220981 	 4.202611 	 0.981630
1588972778.654626 	 2.837092 	 3.716401 	 0.879309
1588972778.767375 	 2.396442 	 3.093516 	 0.697074
1588972778.903382 	 2.033963 	 2.633696 	 0.599733
1588972778.929138 	 1.923178 	 2.503243 	 0.580065
1588972779.065521 	 1.745175 	 2.259765 	 0.514590
1588972779.191199 	 1.629162 	 2.066825 	 0.437663
1588972779.222589 	 1.540783 	 2.024254 	 0.483471
1588972779.361313 	 1.452155 	 1.861686 	 0.409531
1588972779.485514 	 1.328175 	 1.685675 	 0.357499
1588972779.620348 	 1.157890 	 1.496220 	 0.338330
1588972779.645159 	 1.144944 	 1.461864 	 0.316920
1588972779.790059 	 0.432684 	 0.313683 	 -0.119001
1588972779.898940 	 0.054272 	 -0.151365 	 -0.205637
1588972779.924897 	 -0.059500 	 -0.298497 	 -0.238997
1588972780.073672 	 -0.076429 	 -0.366213 	 -0.289784
1588972780.198061 	 -0.164808 	 -0.549693 	 -0.384885
1588972780.243302 	 -0.203396 	 -0.728692 	 -0.525295
1588972780.345527 	 -0.469031 	 -1.216146 	 -0.747114
1588972780.472898 	 -1.879362 	 -2.632700 	 -0.753338
1588972780.600167 	 -2.142507 	 -2.997917 	 -0.855410
1588972780.619534 	 -2.330468 	 -3.235171 	 -0.904703
1588972780.771421 	 -3.065384 	 -4.223274 	 -1.157890
1588972780.889124 	 -3.056421 	 -4.193399 	 -1.136978
1588972781.017165 	 -3.083060 	 -4.244684 	 -1.161624
1588972781.043146 	 -3.043227 	 -4.045022 	 -1.001795
1588972781.179645 	 -2.704150 	 -3.615824 	 -0.911673
1588972781.301910 	 -2.154457 	 -2.843067 	 -0.688610
1588972781.328137 	 -1.956289 	 -2.544072 	 -0.587783
1588972781.461018 	 -1.310748 	 -1.652066 	 -0.341317
1588972781.584801 	 -0.018921 	 0.009958 	 0.028879
1588972781.703132 	 0.203645 	 0.188957 	 -0.014688
1588972781.755155 	 0.170036 	 0.214101 	 0.044065
1588972781.891158 	 0.254930 	 0.304721 	 0.049791
1588972781.922469 	 0.271610 	 0.366711 	 0.095101
1588972782.093459 	 0.455090 	 0.756574 	 0.301485
1588972782.210045 	 0.330363 	 0.637574 	 0.307211
1588972782.246409 	 0.308704 	 0.615417 	 0.306713
1588972782.369654 	 0.434925 	 0.833253 	 0.398328
1588972782.497045 	 0.661972 	 1.270169 	 0.608197
1588972782.525043 	 0.814332 	 1.398132 	 0.583800
1588972782.665251 	 2.727801 	 4.011662 	 1.283861
1588972782.793527 	 3.462965 	 4.555629 	 1.092664
1588972782.911561 	 3.495329 	 4.577537 	 1.082208
1588972782.947287 	 3.497321 	 4.609403 	 1.112082
1588972783.073602 	 3.366122 	 4.430156 	 1.064034
1588972783.197816 	 2.797508 	 3.604870 	 0.807361
1588972783.223864 	 2.638924 	 3.376080 	 0.737156
1588972783.349910 	 2.141761 	 2.780330 	 0.638570
1588972783.464845 	 1.761855 	 2.286403 	 0.524548
1588972783.598924 	 1.337138 	 1.677957 	 0.340820
1588972783.626682 	 1.172578 	 1.503191 	 0.330612
1588972783.753873 	 0.799893 	 1.013247 	 0.213355
1588972783.883481 	 0.616911 	 0.740392 	 0.123482
1588972784.009319 	 0.521063 	 0.623384 	 0.102321
1588972784.035068 	 0.511105 	 0.581310 	 0.070205
1588972784.163678 	 0.438659 	 0.521810 	 0.083151
1588972784.279314 	 0.393349 	 0.473513 	 0.080164
1588972784.407268 	 0.274100 	 0.327127 	 0.053027
1588972784.434480 	 0.265884 	 0.244225 	 -0.021659
1588972784.573492 	 -0.020414 	 -0.269120 	 -0.248706
1588972784.684866 	 -0.141158 	 -0.594505 	 -0.453347
1588972784.817412 	 -0.225304 	 -0.759313 	 -0.534009
1588972784.852073 	 -0.246466 	 -0.813834 	 -0.567369
1588972784.973714 	 -0.694087 	 -1.393402 	 -0.699315
1588972785.099223 	 -2.309805 	 -3.267286 	 -0.957481
1588972785.125295 	 -2.461170 	 -3.521967 	 -1.060798
1588972785.263053 	 -3.051442 	 -4.115227 	 -1.063785
1588972785.373504 	 -3.636736 	 -5.075945 	 -1.439209
1588972785.495021 	 -3.760466 	 -5.209883 	 -1.449416
1588972785.520463 	 -3.786607 	 -5.195692 	 -1.409086
1588972785.662266 	 -3.359898 	 -4.595711 	 -1.235813
1588972785.772647 	 -3.007626 	 -4.155807 	 -1.148181
1588972785.891756 	 -2.056369 	 -2.640667 	 -0.584298
1588972785.922631 	 -1.445184 	 -1.931642 	 -0.486458
1588972786.041625 	 0.025891 	 -0.023153 	 -0.049044
1588972786.162960 	 0.278332 	 0.293767 	 0.015435
1588972786.273019 	 0.354761 	 0.416502 	 0.061741
1588972786.392881 	 0.383640 	 0.486956 	 0.103316
1588972786.444686 	 0.357251 	 0.435173 	 0.077923
1588972786.567157 	 0.318911 	 0.422477 	 0.103565
1588972786.681487 	 0.340322 	 0.404801 	 0.064479
1588972786.791594 	 0.344554 	 0.454094 	 0.109540
1588972786.845876 	 0.328123 	 0.450111 	 0.121988
1588972786.944480 	 0.397332 	 0.673921 	 0.276589
1588972787.065694 	 0.467289 	 0.798648 	 0.331359
1588972787.184554 	 0.613674 	 1.052084 	 0.438410
1588972787.304467 	 0.925366 	 1.449914 	 0.524548
1588972787.339108 	 1.244029 	 1.860441 	 0.616413
1588972787.465726 	 2.903314 	 3.855816 	 0.952502
1588972787.583017 	 3.532424 	 4.719690 	 1.187267
1588972787.700436 	 3.817726 	 5.029888 	 1.212162
1588972787.724863 	 3.789096 	 4.994039 	 1.204943
1588972787.868931 	 3.516988 	 4.584757 	 1.067768
1588972787.990508 	 3.251104 	 4.215058 	 0.963954
1588972788.044844 	 3.012854 	 3.936478 	 0.923623
1588972788.141517 	 2.716349 	 3.567526 	 0.851177
1588972788.268956 	 2.348393 	 2.968042 	 0.619649
1588972788.380994 	 1.791730 	 2.247317 	 0.455588
1588972788.493803 	 1.049844 	 1.223116 	 0.173273
1588972788.528111 	 0.885284 	 1.036400 	 0.151116
1588972788.659064 	 0.713754 	 0.849933 	 0.136178
1588972788.784494 	 0.456086 	 0.542473 	 0.086387
1588972788.906092 	 0.417249 	 0.486956 	 0.069707
1588972788.931636 	 0.426211 	 0.499902 	 0.073691
1588972789.072306 	 0.382893 	 0.422975 	 0.040082
1588972789.186780 	 0.377167 	 0.405050 	 0.027883
1588972789.307213 	 0.313932 	 0.310945 	 -0.002987
1588972789.331631 	 0.313683 	 0.271859 	 -0.041824
1588972789.457931 	 0.202649 	 0.164310 	 -0.038339
1588972789.577116 	 0.042820 	 -0.139664 	 -0.182484
1588972789.696728 	 -0.080412 	 -0.423970 	 -0.343558
1588972789.722216 	 -0.082155 	 -0.509611 	 -0.427456
1588972789.854081 	 -0.180990 	 -0.691597 	 -0.510607
1588972789.974352 	 -0.375424 	 -0.898728 	 -0.523304
1588972790.094886 	 -1.683185 	 -2.435279 	 -0.752093
1588972790.120455 	 -1.837288 	 -2.636434 	 -0.799146
1588972790.245063 	 -2.348642 	 -3.277245 	 -0.928602
1588972790.366106 	 -3.009369 	 -4.169251 	 -1.159882
1588972790.477511 	 -3.329276 	 -4.586001 	 -1.256725
1588972790.610221 	 -3.371599 	 -4.624590 	 -1.252991
1588972790.634897 	 -3.286456 	 -4.494635 	 -1.208179
1588972790.753044 	 -2.791782 	 -3.785113 	 -0.993331
1588972790.870685 	 -2.601083 	 -3.582215 	 -0.981132
1588972790.982709 	 -2.493036 	 -3.416411 	 -0.923374
1588972791.098383 	 -2.254288 	 -3.102478 	 -0.848190
1588972791.131483 	 -2.178108 	 -3.002149 	 -0.824041
1588972791.262294 	 -1.710321 	 -2.397686 	 -0.687365
1588972791.383029 	 -1.229340 	 -1.708579 	 -0.479239
1588972791.505380 	 -0.833502 	 -1.100879 	 -0.267378
1588972791.532429 	 -0.556415 	 -0.772757 	 -0.216342
1588972791.664674 	 0.170783 	 0.159580 	 -0.011203
1588972791.784426 	 0.298746 	 0.354014 	 0.055268
1588972791.905962 	 0.455588 	 0.601475 	 0.145888
1588972791.931497 	 0.436418 	 0.635333 	 0.198915
1588972792.064882 	 0.389117 	 0.642304 	 0.253187
1588972792.183561 	 0.320654 	 0.557908 	 0.237254
1588972792.313722 	 0.395092 	 0.715746 	 0.320654
1588972792.338652 	 0.391357 	 0.739894 	 0.348537
1588972792.479094 	 0.522557 	 0.896736 	 0.374179
1588972792.608064 	 0.819809 	 1.264443 	 0.444634
1588972792.633128 	 1.024201 	 1.340872 	 0.316671
1588972792.757257 	 1.964753 	 2.632949 	 0.668195
1588972792.870353 	 2.114624 	 2.731784 	 0.617160
1588972793.002472 	 2.487559 	 3.271768 	 0.784208
1588972793.036521 	 2.807466 	 3.735322 	 0.927856
1588972793.168187 	 3.675075 	 4.845662 	 1.170587
1588972793.284607 	 2.974764 	 3.818971 	 0.844207
1588972793.400926 	 2.647637 	 3.444294 	 0.796656
1588972793.427526 	 2.601581 	 3.377574 	 0.775993
1588972793.561543 	 2.470879 	 3.214259 	 0.743380
1588972793.681717 	 2.356111 	 3.059907 	 0.703796
1588972793.809033 	 2.080020 	 2.644152 	 0.564132
1588972793.835382 	 1.953053 	 2.500754 	 0.547701
1588972793.961736 	 1.617710 	 2.066078 	 0.448368
1588972794.078556 	 1.355062 	 1.677459 	 0.322397
1588972794.195927 	 1.187267 	 1.449665 	 0.262399
1588972794.222925 	 1.089676 	 1.400372 	 0.310696
1588972794.349396 	 1.050590 	 1.282866 	 0.232275
1588972794.467431 	 0.966444 	 1.213407 	 0.246963
1588972794.606351 	 0.811843 	 1.030425 	 0.218583
1588972794.633473 	 0.637076 	 0.749106 	 0.112030
1588972794.757806 	 0.227296 	 0.183729 	 -0.043567
1588972794.892311 	 0.177754 	 0.129208 	 -0.048546
1588972794.920175 	 0.173771 	 0.129955 	 -0.043816
1588972795.057074 	 0.154850 	 0.105059 	 -0.049791
1588972795.177940 	 0.128959 	 0.096595 	 -0.032364
1588972795.313711 	 0.110785 	 0.074935 	 -0.035850
1588972795.347574 	 0.117258 	 0.134685 	 0.017427
1588972795.472671 	 0.129457 	 0.094105 	 -0.035352
1588972795.612660 	 0.126718 	 0.061741 	 -0.064977
1588972795.637905 	 0.081906 	 0.084396 	 0.002490
1588972795.767894 	 0.118254 	 0.074438 	 -0.043816
1588972795.901344 	 0.116262 	 0.097092 	 -0.019170
1588972795.927154 	 0.150369 	 0.071450 	 -0.078919
1588972796.068693 	 0.126967 	 0.063732 	 -0.063235
1588972796.184979 	 0.115266 	 0.060994 	 -0.054272
1588972796.307833 	 0.089375 	 0.066969 	 -0.022406
1588972796.342890 	 0.096595 	 0.063732 	 -0.032862
1588972796.461824 	 0.097092 	 0.064479 	 -0.032613
1588972796.593401 	 0.113772 	 0.071948 	 -0.041824
1588972796.621692 	 0.115266 	 0.041824 	 -0.073442
1588972796.750477 	 0.095350 	 0.077176 	 -0.018174
1588972796.864778 	 0.103814 	 0.063235 	 -0.040580
1588972796.992682 	 0.086387 	 0.047053 	 -0.039335
1588972797.019019 	 0.099084 	 0.060496 	 -0.038588
1588972797.158152 	 0.089624 	 0.067965 	 -0.021659
1588972797.283440 	 0.092860 	 0.053774 	 -0.039086
1588972797.410962 	 0.093358 	 0.065475 	 -0.027883
1588972797.436197 	 0.109540 	 0.028381 	 -0.081159
1588972797.575736 	 0.096097 	 0.079168 	 -0.016929
1588972797.700058 	 0.087881 	 0.065226 	 -0.022655
1588972797.725187 	 0.068214 	 0.076180 	 0.007967
1588972797.882727 	 0.101076 	 0.070952 	 -0.030124
1588972798.010854 	 0.091118 	 0.057260 	 -0.033858
1588972798.037377 	 0.065475 	 0.076678 	 0.011203
1588972798.168495 	 0.096097 	 0.048297 	 -0.047799
1588972798.298929 	 0.109291 	 0.074189 	 -0.035103
1588972798.325559 	 0.078421 	 0.073442 	 -0.004979
1588972798.466230 	 0.112279 	 0.051534 	 -0.060745
1588972798.599087 	 0.103814 	 0.059251 	 -0.044563
1588972798.620210 	 0.086138 	 0.064230 	 -0.021908
1588972798.745111 	 0.082404 	 0.046057 	 -0.036347
1588972798.886691 	 0.100329 	 0.059002 	 -0.041327
1588972799.007745 	 0.091118 	 0.042322 	 -0.048795
1588972799.037558 	 0.105059 	 0.059998 	 -0.045061
1588972799.168456 	 0.087134 	 0.059002 	 -0.028132
1588972799.293823 	 0.067716 	 0.062488 	 -0.005228
1588972799.410110 	 0.080661 	 0.050289 	 -0.030373
1588972799.445286 	 0.090620 	 0.040331 	 -0.050289
1588972799.571397 	 0.080412 	 0.047301 	 -0.033111
1588972799.696776 	 0.084894 	 0.045559 	 -0.039335
1588972799.750425 	 0.089624 	 0.046057 	 -0.043567
1588972799.877541 	 0.088628 	 0.060994 	 -0.027634
1588972799.994658 	 0.075931 	 0.030621 	 -0.045310
1588972800.020680 	 0.072695 	 0.053774 	 -0.018921
1588972800.146865 	 0.081408 	 0.056015 	 -0.025393
1588972800.262040 	 0.085143 	 0.054023 	 -0.031119
1588972800.395695 	 0.082155 	 0.053774 	 -0.028381
1588972800.421457 	 0.072944 	 0.058007 	 -0.014937
1588972800.563683 	 0.080164 	 0.030870 	 -0.049293
1588972800.685397 	 0.070952 	 0.031368 	 -0.039584
1588972800.803305 	 0.071699 	 0.052778 	 -0.018921
1588972800.828449 	 0.094852 	 0.051783 	 -0.043069
1588972800.976768 	 0.086138 	 0.063235 	 -0.022904
1588972801.092173 	 0.081906 	 0.057011 	 -0.024896
1588972801.122411 	 0.080164 	 0.054272 	 -0.025891
1588972801.261620 	 0.072695 	 0.053027 	 -0.019667
1588972801.383522 	 0.069458 	 0.038588 	 -0.030870
1588972801.510188 	 0.089126 	 0.058007 	 -0.031119
1588972801.538357 	 0.081408 	 0.090371 	 0.008962
1588972801.665651 	 0.082404 	 0.047550 	 -0.034854
1588972801.792717 	 0.055766 	 0.053525 	 -0.002241
1588972801.819279 	 0.070454 	 0.048546 	 -0.021908
1588972801.949766 	 0.070454 	 0.071699 	 0.001245
1588972802.065699 	 0.087134 	 0.036098 	 -0.051036
1588972802.190878 	 0.069458 	 0.048546 	 -0.020912
1588972802.221735 	 0.073193 	 0.049542 	 -0.023651
1588972802.368419 	 0.075433 	 0.055019 	 -0.020414
1588972802.494742 	 0.101076 	 0.057509 	 -0.043567
1588972802.619387 	 0.079666 	 0.044065 	 -0.035601
1588972802.653171 	 0.069210 	 0.060247 	 -0.008962
1588972802.798210 	 0.081906 	 0.060496 	 -0.021410
1588972802.843839 	 0.086636 	 0.049542 	 -0.037094
1588972802.947209 	 0.100329 	 0.038588 	 -0.061741
1588972803.068824 	 0.075184 	 0.065226 	 -0.009958
1588972803.194578 	 0.074687 	 0.055019 	 -0.019667
1588972803.221275 	 0.072197 	 0.060247 	 -0.011950
1588972803.350752 	 0.081159 	 0.058753 	 -0.022406
1588972803.468151 	 0.077674 	 0.046555 	 -0.031119
1588972803.603392 	 0.068961 	 0.061243 	 -0.007718
1588972803.630560 	 0.076927 	 0.039584 	 -0.037343
1588972803.776196 	 0.069210 	 0.038090 	 -0.031119
1588972803.902761 	 0.078670 	 0.047550 	 -0.031119
1588972803.920395 	 0.066969 	 0.042820 	 -0.024149
1588972804.051904 	 0.091118 	 0.069956 	 -0.021161
1588972804.169275 	 0.090371 	 0.069458 	 -0.020912
1588972804.285652 	 0.057260 	 0.036098 	 -0.021161
1588972804.346754 	 0.065475 	 0.062737 	 -0.002739
1588972804.445988 	 0.093856 	 0.042571 	 -0.051285
1588972804.572395 	 0.077425 	 0.062488 	 -0.014937
1588972804.694380 	 0.063235 	 0.034854 	 -0.028381
1588972804.720936 	 0.078172 	 0.058007 	 -0.020165
1588972804.855785 	 0.082155 	 0.048048 	 -0.034107
1588972804.972117 	 0.124478 	 0.084645 	 -0.039833
1588972805.094046 	 0.088379 	 0.057758 	 -0.030621
1588972805.129046 	 0.100080 	 0.056513 	 -0.043567
1588972805.266405 	 0.080164 	 0.043567 	 -0.036596
1588972805.387225 	 0.066471 	 0.061741 	 -0.004730
1588972805.503708 	 0.069210 	 0.041327 	 -0.027883
1588972805.545577 	 0.074935 	 0.048546 	 -0.026389
1588972805.676424 	 0.062737 	 0.040829 	 -0.021908
1588972805.792612 	 0.069707 	 0.039086 	 -0.030621
1588972805.819091 	 0.052032 	 0.032115 	 -0.019916
1588972805.950703 	 0.097590 	 0.036347 	 -0.061243
1588972806.068380 	 0.067467 	 0.050040 	 -0.017427
1588972806.194729 	 0.079168 	 0.065724 	 -0.013444
1588972806.221663 	 0.104810 	 0.037343 	 -0.067467
1588972806.358236 	 0.075184 	 0.039335 	 -0.035850
1588972806.477206 	 0.072446 	 0.053027 	 -0.019418
1588972806.607621 	 0.059500 	 0.030621 	 -0.028879
1588972806.634410 	 0.066969 	 0.037841 	 -0.029128
1588972806.757750 	 0.060745 	 0.031119 	 -0.029626
1588972806.884412 	 0.078172 	 0.042073 	 -0.036098
1588972807.011500 	 0.059749 	 0.031368 	 -0.028381
1588972807.038186 	 0.081159 	 0.047301 	 -0.033858
1588972807.166013 	 0.076678 	 0.048795 	 -0.027883
1588972807.289056 	 0.079666 	 0.055766 	 -0.023900
1588972807.380198 	 0.078421 	 0.064977 	 -0.013444
1588972807.458881 	 0.070703 	 0.039086 	 -0.031617
1588972807.593164 	 0.067716 	 0.039086 	 -0.028630
1588972807.705947 	 0.086387 	 0.056264 	 -0.030124
1588972807.740823 	 0.076927 	 0.068712 	 -0.008216
1588972807.872849 	 0.085392 	 0.054023 	 -0.031368
1588972808.000776 	 0.063981 	 0.048297 	 -0.015684
1588972808.026824 	 0.056513 	 0.048048 	 -0.008464
1588972808.160984 	 0.069707 	 0.054770 	 -0.014937
1588972808.277391 	 0.096097 	 0.038090 	 -0.058007
1588972808.393973 	 0.087632 	 0.052778 	 -0.034854
1588972808.420316 	 0.077425 	 0.043816 	 -0.033609
1588972808.560616 	 0.070454 	 0.054770 	 -0.015684
1588972808.682678 	 0.079666 	 0.061492 	 -0.018174
1588972808.809198 	 0.077176 	 0.074189 	 -0.002987
1588972808.835058 	 0.081159 	 0.025393 	 -0.055766
1588972808.965674 	 0.083400 	 0.043069 	 -0.040331
1588972809.093460 	 0.059251 	 0.064977 	 0.005726
1588972809.211430 	 0.082155 	 0.042073 	 -0.040082
1588972809.248174 	 0.060496 	 0.028630 	 -0.031866
1588972809.370987 	 0.076429 	 0.030124 	 -0.046306
1588972809.498941 	 0.097341 	 0.047799 	 -0.049542
1588972809.527133 	 0.089873 	 0.053774 	 -0.036098
1588972809.662585 	 0.090620 	 0.037343 	 -0.053276
1588972809.803017 	 0.094105 	 0.057011 	 -0.037094
1588972809.829498 	 0.071699 	 0.031119 	 -0.040580
1588972809.978460 	 0.076678 	 0.048795 	 -0.027883
1588972810.084898 	 0.083898 	 0.048795 	 -0.035103
1588972810.207036 	 0.077674 	 0.041327 	 -0.036347
1588972810.243680 	 0.075682 	 0.055268 	 -0.020414
1588972810.366726 	 0.057509 	 0.050538 	 -0.006971
1588972810.493650 	 0.077176 	 0.051036 	 -0.026140
1588972810.520218 	 0.074687 	 0.044065 	 -0.030621
1588972810.665963 	 0.085890 	 0.050040 	 -0.035850
1588972810.802885 	 0.065973 	 0.068463 	 0.002490
1588972810.822469 	 0.076180 	 0.064479 	 -0.011701
1588972810.976141 	 0.077176 	 0.072197 	 -0.004979
1588972811.103785 	 0.081408 	 0.034107 	 -0.047301
1588972811.130409 	 0.064977 	 0.028879 	 -0.036098
1588972811.267765 	 0.077425 	 0.044563 	 -0.032862
1588972811.391634 	 0.078172 	 0.046555 	 -0.031617
1588972811.509358 	 0.074438 	 0.056513 	 -0.017925
1588972811.546451 	 0.078670 	 0.023651 	 -0.055019
1588972811.674214 	 0.090620 	 0.046804 	 -0.043816
1588972811.786429 	 0.062986 	 0.059749 	 -0.003236
1588972811.847870 	 0.060994 	 0.034356 	 -0.026638
1588972811.941740 	 0.057011 	 0.051534 	 -0.005477
1588972812.062600 	 0.100080 	 0.051534 	 -0.048546
1588972812.174748 	 0.079666 	 0.052530 	 -0.027136
1588972812.287627 	 0.084147 	 0.039086 	 -0.045061
1588972812.407071 	 0.084396 	 0.076927 	 -0.007469
1588972812.444588 	 0.084396 	 0.043318 	 -0.041078
1588972812.567510 	 0.084147 	 0.039833 	 -0.044314
1588972812.688493 	 0.064728 	 0.032862 	 -0.031866
1588972812.826035 	 0.072446 	 0.041824 	 -0.030621
1588972812.859422 	 0.088130 	 0.022406 	 -0.065724
1588972812.987338 	 0.089873 	 0.047053 	 -0.042820
1588972813.116794 	 0.078421 	 0.043069 	 -0.035352
1588972813.144185 	 0.056513 	 0.046057 	 -0.010456
1588972813.271416 	 0.085392 	 0.026140 	 -0.059251
1588972813.401055 	 0.069458 	 0.046804 	 -0.022655
1588972813.427423 	 0.060994 	 0.077425 	 0.016431
1588972813.575372 	 0.077176 	 0.062986 	 -0.014190
1588972813.698125 	 0.107051 	 0.042322 	 -0.064728
1588972813.722481 	 0.089126 	 0.078172 	 -0.010954
1588972813.866908 	 0.070454 	 0.051534 	 -0.018921
1588972814.001937 	 0.054770 	 0.040829 	 -0.013941
1588972814.026782 	 0.065973 	 0.068463 	 0.002490
1588972814.166623 	 0.081906 	 0.056762 	 -0.025144
1588972814.301259 	 0.084645 	 0.040829 	 -0.043816
1588972814.329028 	 0.069210 	 0.037841 	 -0.031368
1588972814.464970 	 0.078670 	 0.030870 	 -0.047799
1588972814.596503 	 0.080661 	 0.037094 	 -0.043567
1588972814.620172 	 0.055766 	 0.034356 	 -0.021410
1588972814.750904 	 0.071948 	 0.038837 	 -0.033111
1588972814.882054 	 0.088628 	 0.035352 	 -0.053276
1588972815.008910 	 0.063981 	 0.040082 	 -0.023900
1588972815.034188 	 0.061243 	 0.021161 	 -0.040082
1588972815.172021 	 0.079168 	 0.044065 	 -0.035103
1588972815.298555 	 0.083151 	 0.048048 	 -0.035103
1588972815.325547 	 0.069956 	 0.037343 	 -0.032613
1588972815.456885 	 0.084645 	 0.056762 	 -0.027883
1588972815.580265 	 0.071201 	 0.043816 	 -0.027385
1588972815.707826 	 0.076429 	 0.042322 	 -0.034107
1588972815.734362 	 0.047053 	 0.021659 	 -0.025393
1588972815.871996 	 0.073940 	 0.053276 	 -0.020663
1588972816.009395 	 0.079666 	 0.027634 	 -0.052032
1588972816.027965 	 0.077923 	 0.027385 	 -0.050538
1588972816.177051 	 0.087134 	 0.044812 	 -0.042322
1588972816.291712 	 0.082404 	 0.043318 	 -0.039086
1588972816.318683 	 0.085392 	 0.034356 	 -0.051036
1588972816.450565 	 0.092611 	 0.032862 	 -0.059749
1588972816.586731 	 0.089624 	 0.040829 	 -0.048795
1588972816.706292 	 0.086885 	 0.026389 	 -0.060496
1588972816.746148 	 0.064977 	 0.036845 	 -0.028132
1588972816.867458 	 0.109789 	 0.028879 	 -0.080910
1588972816.994040 	 0.079915 	 0.054770 	 -0.025144
1588972817.020481 	 0.063981 	 0.050289 	 -0.013693
1588972817.154568 	 0.083151 	 0.058753 	 -0.024398
1588972817.283489 	 0.094354 	 0.051036 	 -0.043318
1588972817.410201 	 0.077923 	 0.024896 	 -0.053027
1588972817.437185 	 0.056015 	 0.049791 	 -0.006224
1588972817.577888 	 0.056264 	 0.044065 	 -0.012199
1588972817.694661 	 0.073193 	 0.060496 	 -0.012697
1588972817.720515 	 0.050289 	 0.063484 	 0.013195
1588972817.854253 	 0.062239 	 0.045061 	 -0.017178
1588972817.979001 	 0.069707 	 0.057509 	 -0.012199
1588972818.102651 	 0.084147 	 0.054272 	 -0.029875
1588972818.128654 	 0.080661 	 0.050538 	 -0.030124
1588972818.257674 	 0.069210 	 0.052778 	 -0.016431
1588972818.374804 	 0.070952 	 0.043816 	 -0.027136
1588972818.503835 	 0.070703 	 0.048546 	 -0.022157
1588972818.542284 	 0.069707 	 0.031368 	 -0.038339
1588972818.683363 	 0.062737 	 0.037343 	 -0.025393
1588972818.809350 	 0.071450 	 0.015684 	 -0.055766
1588972818.835596 	 0.082404 	 0.008464 	 -0.073940
1588972818.974097 	 0.060745 	 0.030124 	 -0.030621
1588972819.090209 	 0.064230 	 0.044065 	 -0.020165
1588972819.203406 	 0.067467 	 0.029377 	 -0.038090
1588972819.241062 	 0.067467 	 0.041327 	 -0.026140
1588972819.372642 	 0.068463 	 0.033609 	 -0.034854
1588972819.494458 	 0.054023 	 0.021410 	 -0.032613
1588972819.617372 	 0.053774 	 0.040082 	 -0.013693
1588972819.653866 	 0.069707 	 0.019418 	 -0.050289
1588972819.772423 	 0.054770 	 0.018672 	 -0.036098
1588972819.897232 	 0.048297 	 0.022655 	 -0.025642
1588972819.922745 	 0.082902 	 0.030621 	 -0.052281
1588972820.069667 	 0.078670 	 0.030124 	 -0.048546
1588972820.190026 	 0.074189 	 0.025393 	 -0.048795
1588972820.314935 	 0.045808 	 0.037094 	 -0.008713
1588972820.340313 	 0.086885 	 0.027883 	 -0.059002
1588972820.478940 	 0.052530 	 0.028132 	 -0.024398
1588972820.596060 	 0.031368 	 0.025393 	 -0.005975
1588972820.624630 	 0.082404 	 0.022655 	 -0.059749
1588972820.752768 	 0.031617 	 0.022157 	 -0.009460
1588972820.874617 	 0.070703 	 0.021161 	 -0.049542
1588972820.999105 	 0.040331 	 0.021908 	 -0.018423
1588972821.024773 	 0.060745 	 0.018174 	 -0.042571
1588972821.160252 	 0.064230 	 0.036596 	 -0.027634
1588972821.276293 	 0.037592 	 0.033858 	 -0.003734
1588972821.399883 	 0.052530 	 0.004730 	 -0.047799
1588972821.425401 	 0.065475 	 0.021161 	 -0.044314
1588972821.580081 	 0.057509 	 0.002241 	 -0.055268
1588972821.704270 	 0.056513 	 0.007718 	 -0.048795
1588972821.729815 	 0.057758 	 0.012946 	 -0.044812
1588972821.863043 	 0.039335 	 0.018921 	 -0.020414
1588972821.981718 	 0.054272 	 -0.005726 	 -0.059998
1588972822.104913 	 0.079417 	 0.023900 	 -0.055517
1588972822.129659 	 0.092860 	 -0.005228 	 -0.098088
1588972822.259613 	 0.049044 	 0.002490 	 -0.046555
1588972822.373399 	 0.076180 	 0.010207 	 -0.065973
1588972822.495737 	 0.059251 	 0.020165 	 -0.039086
1588972822.521010 	 0.048795 	 0.004730 	 -0.044065
1588972822.659309 	 0.047053 	 0.008713 	 -0.038339
1588972822.793806 	 0.057758 	 -0.002241 	 -0.059998
1588972822.904450 	 0.042820 	 0.002241 	 -0.040580
1588972822.939353 	 0.048048 	 -0.010207 	 -0.058255
1588972823.063198 	 0.036596 	 0.007967 	 -0.028630
1588972823.185969 	 0.027634 	 0.001494 	 -0.026140
1588972823.299048 	 0.045559 	 0.021908 	 -0.023651
1588972823.333305 	 0.072695 	 0.018921 	 -0.053774
1588972823.463600 	 0.029875 	 0.002241 	 -0.027634
1588972823.586037 	 0.055268 	 0.003983 	 -0.051285
1588972823.708640 	 0.067218 	 0.004979 	 -0.062239
1588972823.733290 	 0.029128 	 0.055517 	 0.026389
1588972823.862979 	 0.066969 	 0.012946 	 -0.054023
1588972823.977205 	 0.049542 	 0.017676 	 -0.031866
1588972824.095707 	 0.058007 	 0.002739 	 -0.055268
1588972824.122170 	 0.046306 	 -0.051783 	 -0.098088
1588972824.256174 	 0.055766 	 -0.003236 	 -0.059002
1588972824.370152 	 0.047301 	 0.002987 	 -0.044314
1588972824.492378 	 0.044812 	 -0.008464 	 -0.053276
1588972824.550317 	 0.066222 	 0.006971 	 -0.059251
1588972824.649921 	 0.063484 	 0.011452 	 -0.052032
1588972824.762654 	 0.061741 	 -0.001743 	 -0.063484
1588972824.884616 	 0.055517 	 -0.000249 	 -0.055766
1588972824.998770 	 0.046306 	 -0.000996 	 -0.047301
1588972825.033856 	 0.044563 	 -0.017676 	 -0.062239
1588972825.172361 	 0.040082 	 0.018174 	 -0.021908
1588972825.285235 	 0.044065 	 0.023651 	 -0.020414
1588972825.407311 	 0.054770 	 0.004730 	 -0.050040
1588972825.432197 	 0.050040 	 -0.004232 	 -0.054272
1588972825.563231 	 0.051534 	 0.009460 	 -0.042073
1588972825.680253 	 0.029377 	 0.006971 	 -0.022406
1588972825.796452 	 0.044314 	 -0.002987 	 -0.047301
1588972825.821503 	 0.028879 	 0.005726 	 -0.023153
1588972825.949740 	 0.045310 	 0.009709 	 -0.035601
1588972826.063270 	 0.058007 	 0.004979 	 -0.053027
1588972826.191908 	 0.060247 	 0.022406 	 -0.037841
1588972826.221747 	 0.062986 	 -0.005975 	 -0.068961
1588972826.352462 	 0.056513 	 0.002739 	 -0.053774
1588972826.465578 	 0.040082 	 0.009958 	 -0.030124
1588972826.591139 	 0.027385 	 -0.001992 	 -0.029377
1588972826.618787 	 0.073193 	 0.013693 	 -0.059500
1588972826.743339 	 0.048048 	 0.013195 	 -0.034854
1588972826.883410 	 0.063981 	 0.003485 	 -0.060496
1588972826.997586 	 0.065724 	 0.013195 	 -0.052530
1588972827.022749 	 0.071699 	 0.025891 	 -0.045808
1588972827.155945 	 0.042322 	 0.011452 	 -0.030870
1588972827.268086 	 0.059749 	 0.007469 	 -0.052281
1588972827.399503 	 0.068214 	 -0.005228 	 -0.073442
1588972827.433255 	 0.062737 	 0.030373 	 -0.032364
1588972827.562439 	 0.068214 	 0.007718 	 -0.060496
1588972827.680573 	 0.043816 	 0.028132 	 -0.015684
1588972827.812006 	 0.071948 	 0.018921 	 -0.053027
1588972827.836832 	 0.087632 	 0.027634 	 -0.059998
1588972827.967359 	 0.084894 	 0.015933 	 -0.068961
1588972828.080826 	 0.042073 	 0.020414 	 -0.021659
1588972828.202555 	 0.051285 	 0.023402 	 -0.027883
1588972828.227287 	 0.073691 	 0.026389 	 -0.047301
1588972828.363911 	 0.055019 	 0.019170 	 -0.035850
1588972828.498861 	 0.054023 	 0.013444 	 -0.040580
1588972828.524351 	 0.047550 	 0.042820 	 -0.004730
1588972828.660074 	 0.056762 	 0.025891 	 -0.030870
1588972828.768390 	 0.063732 	 0.001245 	 -0.062488
1588972828.921327 	 0.077425 	 0.026638 	 -0.050787
1588972828.948253 	 0.059749 	 0.035850 	 -0.023900
1588972829.072132 	 0.056762 	 0.025393 	 -0.031368
1588972829.191349 	 0.052281 	 0.009211 	 -0.043069
1588972829.247125 	 0.049791 	 0.016182 	 -0.033609
1588972829.361008 	 0.060247 	 0.017676 	 -0.042571
1588972829.471447 	 0.047799 	 0.028132 	 -0.019667
1588972829.617561 	 0.055019 	 0.016182 	 -0.038837
1588972829.641350 	 0.054272 	 0.017925 	 -0.036347
1588972829.760938 	 0.054521 	 0.019418 	 -0.035103
1588972829.895436 	 0.039833 	 0.025642 	 -0.014190
1588972830.008132 	 0.048795 	 0.032613 	 -0.016182
1588972830.043586 	 0.032862 	 -0.003983 	 -0.036845
1588972830.162065 	 0.054521 	 0.015684 	 -0.038837
1588972830.285855 	 0.017427 	 -0.021410 	 -0.038837
1588972830.400933 	 0.009460 	 -0.016929 	 -0.026389
1588972830.443442 	 0.034107 	 0.009211 	 -0.024896
1588972830.574667 	 0.023900 	 0.020414 	 -0.003485
1588972830.684641 	 0.034605 	 0.017427 	 -0.017178
1588972830.808985 	 0.048546 	 -0.011701 	 -0.060247
1588972830.838681 	 0.035352 	 0.022655 	 -0.012697
1588972830.968667 	 0.041824 	 0.026887 	 -0.014937
1588972831.087821 	 0.046804 	 0.009709 	 -0.037094
1588972831.204549 	 0.045310 	 0.001494 	 -0.043816
1588972831.239220 	 0.074438 	 0.016431 	 -0.058007
1588972831.365672 	 0.051285 	 0.010207 	 -0.041078
1588972831.480267 	 0.030124 	 0.010207 	 -0.019916
1588972831.611582 	 0.053525 	 0.015186 	 -0.038339
1588972831.636341 	 0.018921 	 -0.004730 	 -0.023651
1588972831.764779 	 0.055268 	 0.024896 	 -0.030373
1588972831.879792 	 0.056762 	 0.023651 	 -0.033111
1588972832.002449 	 0.035352 	 0.006224 	 -0.029128
1588972832.027514 	 0.061492 	 -0.000747 	 -0.062239
1588972832.165898 	 0.054521 	 0.039833 	 -0.014688
1588972832.290102 	 0.052530 	 0.009211 	 -0.043318
1588972832.321026 	 0.050538 	 -0.004232 	 -0.054770
1588972832.449580 	 0.050289 	 0.015186 	 -0.035103
1588972832.569117 	 0.043069 	 0.000996 	 -0.042073
1588972832.695984 	 0.044065 	 0.014190 	 -0.029875
1588972832.720861 	 0.032115 	 0.006722 	 -0.025393
1588972832.866082 	 0.026887 	 -0.002739 	 -0.029626
1588972832.982877 	 0.041078 	 0.025144 	 -0.015933
1588972833.107455 	 0.057011 	 0.045808 	 -0.011203
1588972833.132917 	 0.036098 	 0.041078 	 0.004979
1588972833.266356 	 0.044065 	 0.043069 	 -0.000996
1588972833.381285 	 0.049044 	 0.000747 	 -0.048297
1588972833.499589 	 0.044314 	 0.016680 	 -0.027634
1588972833.533885 	 0.042073 	 0.002490 	 -0.039584
1588972833.668156 	 0.048297 	 0.023900 	 -0.024398
1588972833.802668 	 0.040829 	 0.019418 	 -0.021410
1588972833.820466 	 0.037094 	 0.023651 	 -0.013444
1588972833.946464 	 0.036845 	 -0.007718 	 -0.044563
1588972834.076187 	 0.063732 	 0.013195 	 -0.050538
1588972834.188531 	 0.038339 	 -0.003485 	 -0.041824
1588972834.279206 	 0.055766 	 0.017178 	 -0.038588
1588972834.363913 	 0.033609 	 0.004730 	 -0.028879
1588972834.489962 	 0.039584 	 -0.005726 	 -0.045310
1588972834.625832 	 0.049293 	 0.016680 	 -0.032613
1588972834.651306 	 0.041575 	 0.014937 	 -0.026638
1588972834.775351 	 0.063484 	 0.027385 	 -0.036098
1588972834.903890 	 0.042571 	 -0.003236 	 -0.045808
1588972834.930096 	 0.034605 	 0.005726 	 -0.028879
1588972835.065935 	 0.039335 	 0.007220 	 -0.032115
1588972835.187534 	 0.040331 	 0.020165 	 -0.020165
1588972835.316880 	 0.043318 	 0.007967 	 -0.035352
1588972835.343251 	 0.014937 	 0.004481 	 -0.010456
1588972835.468294 	 0.042322 	 0.016431 	 -0.025891
1588972835.604351 	 0.031866 	 0.018423 	 -0.013444
1588972835.631436 	 0.050289 	 0.001245 	 -0.049044
1588972835.770300 	 0.034356 	 0.001494 	 -0.032862
1588972835.894844 	 0.041824 	 0.010207 	 -0.031617
1588972836.013787 	 0.036596 	 0.016680 	 -0.019916
1588972836.050995 	 0.013693 	 0.007967 	 -0.005726
1588972836.177160 	 0.036347 	 0.003236 	 -0.033111
1588972836.305858 	 0.035352 	 0.007967 	 -0.027385
1588972836.332026 	 0.069956 	 -0.007220 	 -0.077176
1588972836.466009 	 0.041078 	 0.009709 	 -0.031368
1588972836.588155 	 0.029377 	 0.021659 	 -0.007718
1588972836.699081 	 0.039833 	 0.011950 	 -0.027883
1588972836.732911 	 0.055766 	 0.008464 	 -0.047301
1588972836.872459 	 0.065724 	 0.003734 	 -0.061990
1588972836.996477 	 0.032862 	 0.003236 	 -0.029626
1588972837.043266 	 0.026140 	 0.016680 	 -0.009460
1588972837.172222 	 0.037343 	 0.013941 	 -0.023402
1588972837.287270 	 0.027385 	 0.011452 	 -0.015933
1588972837.409334 	 0.037343 	 -0.002241 	 -0.039584
1588972837.433499 	 0.020414 	 0.005726 	 -0.014688
1588972837.563431 	 0.040082 	 -0.009709 	 -0.049791
1588972837.677980 	 0.027883 	 0.027883 	 0.000000
1588972837.792626 	 0.039833 	 0.013941 	 -0.025891
1588972837.822975 	 0.034107 	 0.007220 	 -0.026887
1588972837.954474 	 0.057758 	 0.003734 	 -0.054023
1588972838.073877 	 0.036845 	 0.006473 	 -0.030373
1588972838.196867 	 0.040829 	 -0.004232 	 -0.045061
1588972838.233427 	 0.005975 	 0.022157 	 0.016182
1588972838.360930 	 0.031368 	 0.011701 	 -0.019667
1588972838.474775 	 0.037094 	 0.024398 	 -0.012697
1588972838.605761 	 0.049044 	 -0.000747 	 -0.049791
1588972838.631868 	 0.020165 	 0.045061 	 0.024896
1588972838.762976 	 0.043567 	 0.002739 	 -0.040829
1588972838.889938 	 0.035850 	 0.009709 	 -0.026140
1588972839.012871 	 0.043069 	 -0.002987 	 -0.046057
1588972839.038344 	 0.044812 	 -0.007220 	 -0.052032
1588972839.169055 	 0.048546 	 -0.008713 	 -0.057260
1588972839.285765 	 0.038339 	 0.019170 	 -0.019170
1588972839.409591 	 0.031119 	 0.014937 	 -0.016182
1588972839.446643 	 0.036596 	 0.004481 	 -0.032115
1588972839.572683 	 0.037592 	 0.013941 	 -0.023651
1588972839.695961 	 0.042820 	 0.004730 	 -0.038090
1588972839.721761 	 0.019418 	 0.044563 	 0.025144
1588972839.857140 	 0.058504 	 -0.003983 	 -0.062488
1588972839.977481 	 0.043069 	 0.003236 	 -0.039833
1588972840.093368 	 0.062239 	 0.026887 	 -0.035352
1588972840.130060 	 0.057509 	 -0.008464 	 -0.065973
1588972840.260259 	 0.057011 	 0.016680 	 -0.040331
1588972840.381026 	 0.052530 	 -0.003236 	 -0.055766
1588972840.506102 	 0.038837 	 -0.004481 	 -0.043318
1588972840.533769 	 0.049293 	 0.006473 	 -0.042820
1588972840.671060 	 0.059002 	 -0.010954 	 -0.069956
1588972840.815789 	 0.068712 	 0.009958 	 -0.058753
1588972840.834269 	 0.059002 	 0.010705 	 -0.048297
1588972840.961537 	 0.046306 	 0.020912 	 -0.025393
1588972841.087777 	 0.048546 	 0.018423 	 -0.030124
1588972841.212244 	 0.048546 	 0.018672 	 -0.029875
1588972841.245394 	 0.024398 	 0.032862 	 0.008464
1588972841.364099 	 0.045310 	 0.015684 	 -0.029626
1588972841.487473 	 0.048297 	 0.008962 	 -0.039335
1588972841.612824 	 0.047799 	 0.019916 	 -0.027883
1588972841.649044 	 0.029128 	 0.000747 	 -0.028381
1588972841.769402 	 0.060247 	 0.025393 	 -0.034854
1588972841.895670 	 0.047053 	 0.006722 	 -0.040331
1588972841.921778 	 0.031866 	 0.006224 	 -0.025642
1588972842.071028 	 0.031866 	 0.019170 	 -0.012697
1588972842.190691 	 0.037592 	 0.003734 	 -0.033858
1588972842.307487 	 0.041327 	 0.004979 	 -0.036347
1588972842.344914 	 0.021908 	 -0.010207 	 -0.032115
1588972842.467735 	 0.034356 	 -0.005228 	 -0.039584
1588972842.599213 	 0.042820 	 0.005726 	 -0.037094
1588972842.627779 	 0.027136 	 0.013195 	 -0.013941
1588972842.756578 	 0.045808 	 0.008713 	 -0.037094
1588972842.877699 	 0.046555 	 0.008962 	 -0.037592
1588972843.002116 	 0.040580 	 -0.002739 	 -0.043318
1588972843.028135 	 0.062986 	 0.012697 	 -0.050289
1588972843.158202 	 0.040829 	 0.018672 	 -0.022157
1588972843.275569 	 0.039086 	 0.018672 	 -0.020414
1588972843.400000 	 0.029626 	 0.038090 	 0.008464
1588972843.425439 	 0.064728 	 -0.002490 	 -0.067218
1588972843.563466 	 0.052032 	 0.000000 	 -0.052032
1588972843.683515 	 0.051285 	 -0.015186 	 -0.066471
1588972843.820325 	 0.043816 	 0.014439 	 -0.029377
1588972843.845459 	 0.010207 	 0.025144 	 0.014937
1588972843.975544 	 0.051036 	 0.002739 	 -0.048297
1588972844.104146 	 0.036347 	 -0.012946 	 -0.049293
1588972844.130198 	 0.042322 	 0.014439 	 -0.027883
1588972844.273117 	 0.044563 	 0.023900 	 -0.020663
1588972844.403568 	 0.036845 	 0.019170 	 -0.017676
1588972844.421050 	 0.047053 	 0.009709 	 -0.037343
1588972844.560408 	 0.040331 	 0.008216 	 -0.032115
1588972844.687371 	 0.049293 	 0.008464 	 -0.040829
1588972844.817451 	 0.032613 	 0.008216 	 -0.024398
1588972844.842690 	 0.027883 	 0.009709 	 -0.018174
1588972844.992533 	 0.041327 	 0.006473 	 -0.034854
1588972845.111991 	 0.043567 	 -0.003485 	 -0.047053
1588972845.149564 	 0.038837 	 0.000249 	 -0.038588
1588972845.274428 	 0.039833 	 0.007469 	 -0.032364
1588972845.397351 	 0.038090 	 0.008713 	 -0.029377
1588972845.424222 	 0.030621 	 0.009460 	 -0.021161
1588972845.570007 	 0.044065 	 -0.016182 	 -0.060247
1588972845.695878 	 0.060994 	 0.019916 	 -0.041078
1588972845.853783 	 0.033858 	 0.013444 	 -0.020414
1588972845.882087 	 0.055019 	 0.029875 	 -0.025144
1588972846.021597 	 0.048048 	 0.016431 	 -0.031617
1588972846.047831 	 0.077674 	 0.023153 	 -0.054521
1588972846.177608 	 0.056762 	 0.011950 	 -0.044812
