time 	 p1 	 p2 	 dp1590028806.274942 	 -0.346048 	 -0.244972 	 0.101076
1590028806.284073 	 -0.344305 	 -0.252938 	 0.091367
1590028806.291606 	 -0.344305 	 -0.252938 	 0.091367
1590028806.300083 	 -0.345052 	 -0.241237 	 0.103814
1590028806.308651 	 -0.345052 	 -0.249204 	 0.095848
1590028806.319543 	 -0.353267 	 -0.249204 	 0.104063
1590028806.329403 	 -0.351774 	 -0.251943 	 0.099831
1590028806.337198 	 -0.339824 	 -0.241486 	 0.098337
1590028806.346097 	 -0.339824 	 -0.241486 	 0.098337
1590028806.353347 	 -0.352022 	 -0.254432 	 0.097590
1590028806.361875 	 -0.352022 	 -0.259411 	 0.092611
1590028806.369486 	 -0.350031 	 -0.259411 	 0.090620
1590028806.376588 	 -0.350031 	 -0.279577 	 0.070454
1590028806.385439 	 -0.386627 	 -0.279577 	 0.107051
1590028806.393329 	 -0.375175 	 -0.272606 	 0.102569
1590028806.400708 	 -0.375175 	 -0.272606 	 0.102569
1590028806.407578 	 -0.387623 	 -0.289535 	 0.098088
1590028806.504585 	 -0.412519 	 -0.312439 	 0.100080
1590028806.512657 	 -0.405548 	 -0.314928 	 0.090620
1590028806.520626 	 -0.405548 	 -0.314928 	 0.090620
1590028806.528150 	 -0.392851 	 -0.299493 	 0.093358
1590028806.594801 	 -0.410776 	 -0.310945 	 0.099831
1590028806.608033 	 -0.407788 	 -0.305966 	 0.101823
1590028806.620742 	 -0.415755 	 -0.305717 	 0.110038
1590028806.627962 	 -0.415755 	 -0.305717 	 0.110038
1590028806.640490 	 -0.414012 	 -0.302978 	 0.111034
1590028806.647506 	 -0.407291 	 -0.300987 	 0.106304
1590028806.662679 	 -0.415506 	 -0.309700 	 0.105806
1590028806.672370 	 -0.429199 	 -0.317169 	 0.112030
1590028806.725260 	 -0.423722 	 -0.329617 	 0.094105
1590028806.760390 	 -0.450858 	 -0.346794 	 0.104063
1590028806.779628 	 -0.416253 	 -0.346794 	 0.069458
1590028806.786861 	 -0.416253 	 -0.346794 	 0.069458
1590028806.800037 	 -0.424468 	 -0.324140 	 0.100329
1590028806.823827 	 -0.419738 	 -0.338828 	 0.080910
1590028806.855632 	 -0.438659 	 -0.338828 	 0.099831
1590028806.906942 	 -0.436418 	 -0.345301 	 0.091118
1590028806.920844 	 -0.432435 	 -0.333849 	 0.098586
1590028806.934536 	 -0.430194 	 -0.299244 	 0.130950
1590028806.948141 	 -0.429945 	 -0.313932 	 0.116013
1590028806.955392 	 -0.423473 	 -0.326629 	 0.096844
1590028806.965610 	 -0.423473 	 -0.326629 	 0.096844
1590028807.050476 	 -0.454841 	 -0.338579 	 0.116262
1590028807.064428 	 -0.467538 	 -0.338828 	 0.128710
1590028807.077860 	 -0.464052 	 -0.343558 	 0.120494
1590028807.085127 	 -0.464052 	 -0.343558 	 0.120494
1590028807.092271 	 -0.468533 	 -0.349782 	 0.118752
1590028807.179692 	 -0.467787 	 -0.370445 	 0.097341
1590028807.193504 	 -0.472019 	 -0.374926 	 0.097092
1590028807.207251 	 -0.476251 	 -0.404303 	 0.071948
1590028807.214523 	 -0.475255 	 -0.382893 	 0.092362
1590028807.221768 	 -0.484218 	 -0.382893 	 0.101325
1590028807.303793 	 -0.491188 	 -0.374926 	 0.116262
1590028807.311203 	 -0.491188 	 -0.374926 	 0.116262
1590028807.330579 	 -0.486209 	 -0.370943 	 0.115266
1590028807.337841 	 -0.486209 	 -0.370943 	 0.115266
1590028807.344847 	 -0.493429 	 -0.384387 	 0.109042
1590028807.430768 	 -0.516582 	 -0.380154 	 0.136427
1590028807.444205 	 -0.505379 	 -0.392851 	 0.112528
1590028807.458241 	 -0.535751 	 -0.391108 	 0.144643
1590028807.465580 	 -0.525544 	 -0.382146 	 0.143398
1590028807.472640 	 -0.525544 	 -0.382146 	 0.143398
1590028807.563791 	 -0.530274 	 -0.410527 	 0.119747
1590028807.579760 	 -0.535751 	 -0.416751 	 0.119001
1590028807.595263 	 -0.528781 	 -0.419489 	 0.109291
1590028807.610732 	 -0.514092 	 -0.413763 	 0.100329
1590028807.618048 	 -0.514092 	 -0.395341 	 0.118752
1590028807.625210 	 -0.526291 	 -0.395341 	 0.130950
1590028807.668778 	 -0.526042 	 -0.396834 	 0.129208
1590028807.716225 	 -0.544216 	 -0.418493 	 0.125722
1590028807.731223 	 -0.561145 	 -0.436667 	 0.124478
1590028807.738507 	 -0.561145 	 -0.451356 	 0.109789
1590028807.745852 	 -0.561145 	 -0.451356 	 0.109789
1590028807.822348 	 -0.554921 	 -0.449115 	 0.105806
1590028807.837123 	 -0.568364 	 -0.441895 	 0.126469
1590028807.857569 	 -0.554672 	 -0.441397 	 0.113275
1590028807.864844 	 -0.550938 	 -0.441397 	 0.109540
1590028807.872808 	 -0.550938 	 -0.451605 	 0.099333
1590028807.951142 	 -0.566373 	 -0.454094 	 0.112279
1590028807.966013 	 -0.574837 	 -0.456584 	 0.118254
1590028807.986833 	 -0.557659 	 -0.451853 	 0.105806
1590028807.994198 	 -0.557659 	 -0.465795 	 0.091864
1590028808.001428 	 -0.555668 	 -0.465795 	 0.089873
1590028808.041813 	 -0.566871 	 -0.449862 	 0.117009
1590028808.102648 	 -0.566622 	 -0.474508 	 0.092113
1590028808.116893 	 -0.566124 	 -0.461563 	 0.104561
1590028808.131330 	 -0.582306 	 -0.476251 	 0.106055
1590028808.138660 	 -0.582306 	 -0.485711 	 0.096595
1590028808.145983 	 -0.580812 	 -0.485711 	 0.095101
1590028808.231807 	 -0.594007 	 -0.492682 	 0.101325
1590028808.239284 	 -0.606952 	 -0.492682 	 0.114270
1590028808.260146 	 -0.596994 	 -0.507619 	 0.089375
1590028808.267491 	 -0.594007 	 -0.507619 	 0.086387
1590028808.274757 	 -0.594007 	 -0.504383 	 0.089624
1590028808.355108 	 -0.613923 	 -0.478243 	 0.135681
1590028808.370475 	 -0.583053 	 -0.473264 	 0.109789
1590028808.392106 	 -0.553427 	 -0.452600 	 0.100827
1590028808.399577 	 -0.559651 	 -0.452600 	 0.107051
1590028808.406691 	 -0.559651 	 -0.451107 	 0.108544
1590028808.413960 	 -0.558406 	 -0.451107 	 0.107300
1590028808.504315 	 -0.491935 	 -0.377914 	 0.114021
1590028808.519921 	 -0.442144 	 -0.360736 	 0.081408
1590028808.535922 	 -0.431688 	 -0.330363 	 0.101325
1590028808.543970 	 -0.431688 	 -0.343060 	 0.088628
1590028808.552306 	 -0.443638 	 -0.343060 	 0.100578
1590028808.563615 	 -0.461065 	 -0.344803 	 0.116262
1590028808.646481 	 -0.551684 	 -0.441148 	 0.110536
1590028808.661504 	 -0.507121 	 -0.352022 	 0.155099
1590028808.676239 	 -0.429199 	 -0.334596 	 0.094603
1590028808.683689 	 -0.448368 	 -0.334596 	 0.113772
1590028808.691189 	 -0.448368 	 -0.348039 	 0.100329
1590028808.775375 	 -0.465546 	 -0.373931 	 0.091615
1590028808.790291 	 -0.475504 	 -0.378412 	 0.097092
1590028808.805177 	 -0.480483 	 -0.366462 	 0.114021
1590028808.812644 	 -0.480483 	 -0.363474 	 0.117009
1590028808.819985 	 -0.490939 	 -0.363474 	 0.127465
1590028808.904758 	 -0.510358 	 -0.415506 	 0.094852
1590028808.919784 	 -0.514590 	 -0.407539 	 0.107051
1590028808.934777 	 -0.517827 	 -0.422228 	 0.095599
1590028808.942347 	 -0.517827 	 -0.422228 	 0.095599
1590028808.949715 	 -0.522806 	 -0.416751 	 0.106055
1590028809.021319 	 -0.516084 	 -0.426211 	 0.089873
1590028809.042173 	 -0.546207 	 -0.424219 	 0.121988
1590028809.056202 	 -0.539984 	 -0.443389 	 0.096595
1590028809.066260 	 -0.539984 	 -0.448119 	 0.091864
1590028809.073580 	 -0.541726 	 -0.448119 	 0.093607
1590028809.149653 	 -0.532764 	 -0.431190 	 0.101574
1590028809.170659 	 -0.537743 	 -0.454094 	 0.083649
1590028809.184768 	 -0.571352 	 -0.470525 	 0.100827
1590028809.192439 	 -0.572348 	 -0.470525 	 0.101823
1590028809.199867 	 -0.572348 	 -0.470027 	 0.102321
1590028809.247748 	 -0.584049 	 -0.473762 	 0.110287
1590028809.294243 	 -0.549444 	 -0.441148 	 0.108295
1590028809.309544 	 -0.616911 	 -0.458824 	 0.158086
1590028809.316987 	 -0.616911 	 -0.458824 	 0.158086
1590028809.324205 	 -0.595501 	 -0.484218 	 0.111283
1590028809.412589 	 -0.550938 	 -0.442642 	 0.108295
1590028809.427488 	 -0.564879 	 -0.464052 	 0.100827
1590028809.442156 	 -0.598737 	 -0.463056 	 0.135681
1590028809.456161 	 -0.572846 	 -0.452600 	 0.120245
1590028809.463603 	 -0.572846 	 -0.452600 	 0.120245
1590028809.470971 	 -0.538739 	 -0.452351 	 0.086387
1590028809.555912 	 -0.547950 	 -0.453845 	 0.094105
1590028809.571823 	 -0.558406 	 -0.460069 	 0.098337
1590028809.587199 	 -0.558157 	 -0.458824 	 0.099333
1590028809.595421 	 -0.548946 	 -0.458824 	 0.090122
1590028809.603253 	 -0.535751 	 -0.450858 	 0.084894
1590028809.613379 	 -0.535751 	 -0.450858 	 0.084894
1590028809.691530 	 -0.536996 	 -0.438908 	 0.098088
1590028809.705670 	 -0.533013 	 -0.442393 	 0.090620
1590028809.719806 	 -0.536498 	 -0.449862 	 0.086636
1590028809.727284 	 -0.536249 	 -0.451853 	 0.084396
1590028809.734523 	 -0.536249 	 -0.451853 	 0.084396
1590028809.816211 	 -0.536996 	 -0.461314 	 0.075682
1590028809.830445 	 -0.533760 	 -0.444634 	 0.089126
1590028809.845358 	 -0.535004 	 -0.451605 	 0.083400
1590028809.852809 	 -0.535004 	 -0.451605 	 0.083400
1590028809.860192 	 -0.534258 	 -0.441895 	 0.092362
1590028809.941927 	 -0.572348 	 -0.452351 	 0.119996
1590028809.956136 	 -0.572348 	 -0.462310 	 0.110038
1590028809.970285 	 -0.554423 	 -0.470027 	 0.084396
1590028809.977812 	 -0.554423 	 -0.470027 	 0.084396
1590028809.985094 	 -0.554174 	 -0.456335 	 0.097839
1590028810.052461 	 -0.548697 	 -0.461563 	 0.087134
1590028810.080919 	 -0.561394 	 -0.475006 	 0.086387
1590028810.088497 	 -0.560896 	 -0.463305 	 0.097590
1590028810.095963 	 -0.560896 	 -0.463305 	 0.097590
1590028810.163966 	 -0.557410 	 -0.465048 	 0.092362
1590028810.185117 	 -0.576580 	 -0.476251 	 0.100329
1590028810.199338 	 -0.560896 	 -0.476251 	 0.084645
1590028810.206830 	 -0.558904 	 -0.476500 	 0.082404
1590028810.214216 	 -0.558904 	 -0.476500 	 0.082404
1590028810.283829 	 -0.586787 	 -0.457579 	 0.129208
1590028810.304689 	 -0.574588 	 -0.495670 	 0.078919
1590028810.312326 	 -0.574588 	 -0.495670 	 0.078919
1590028810.319715 	 -0.577327 	 -0.501396 	 0.075931
1590028810.392958 	 -0.620645 	 -0.529030 	 0.091615
1590028810.407533 	 -0.616413 	 -0.527287 	 0.089126
1590028810.421805 	 -0.651018 	 -0.522059 	 0.128959
1590028810.429415 	 -0.651018 	 -0.522059 	 0.128959
1590028810.436757 	 -0.628861 	 -0.516084 	 0.112777
1590028810.516457 	 -0.622139 	 -0.499404 	 0.122735
1590028810.532151 	 -0.638819 	 -0.524797 	 0.114021
1590028810.547890 	 -0.665208 	 -0.529776 	 0.135432
1590028810.556086 	 -0.660976 	 -0.529776 	 0.131199
1590028810.564221 	 -0.660976 	 -0.527536 	 0.133440
1590028810.643894 	 -0.663216 	 -0.569360 	 0.093856
1590028810.658192 	 -0.671681 	 -0.550689 	 0.120992
1590028810.672781 	 -0.683133 	 -0.562887 	 0.120245
1590028810.680486 	 -0.682635 	 -0.575584 	 0.107051
1590028810.687847 	 -0.681639 	 -0.575584 	 0.106055
1590028810.763824 	 -0.696825 	 -0.597492 	 0.099333
1590028810.778092 	 -0.712509 	 -0.605459 	 0.107051
1590028810.792619 	 -0.690850 	 -0.578323 	 0.112528
1590028810.800310 	 -0.708526 	 -0.590272 	 0.118254
1590028810.846688 	 -0.686369 	 -0.577327 	 0.109042
1590028810.883300 	 -0.711763 	 -0.581559 	 0.130204
1590028810.904493 	 -0.677905 	 -0.581559 	 0.096346
1590028810.912193 	 -0.677905 	 -0.559402 	 0.118503
1590028810.919646 	 -0.695580 	 -0.578323 	 0.117258
1590028810.988275 	 -0.669440 	 -0.589028 	 0.080412
1590028811.002716 	 -0.664710 	 -0.577078 	 0.087632
1590028811.017436 	 -0.668942 	 -0.539237 	 0.129706
1590028811.025061 	 -0.636080 	 -0.539237 	 0.096844
1590028811.035612 	 -0.598239 	 -0.511105 	 0.087134
1590028811.111022 	 0.987605 	 2.001350 	 1.013745
1590028811.132517 	 2.574942 	 2.581913 	 0.006971
1590028811.140264 	 2.574942 	 3.797810 	 1.222867
1590028811.147614 	 2.897837 	 3.797810 	 0.899973
1590028811.225744 	 6.401631 	 7.154471 	 0.752840
1590028811.246902 	 6.980700 	 9.033584 	 2.052884
1590028811.261788 	 8.236928 	 9.345774 	 1.108846
1590028811.269481 	 8.554096 	 9.814058 	 1.259962
1590028811.276858 	 9.022381 	 9.814058 	 0.791677
1590028811.286828 	 9.022381 	 10.859669 	 1.837288
1590028811.367094 	 12.131083 	 13.292956 	 1.161873
1590028811.381608 	 12.584679 	 13.775680 	 1.191001
1590028811.396153 	 13.491125 	 14.602958 	 1.111833
1590028811.403883 	 13.677094 	 14.779716 	 1.102622
1590028811.411571 	 13.952438 	 14.779716 	 0.827278
1590028811.497558 	 15.524839 	 16.067063 	 0.542224
1590028811.513283 	 15.704086 	 16.131293 	 0.427207
1590028811.529448 	 15.981422 	 16.296350 	 0.314928
1590028811.537923 	 16.051379 	 16.359585 	 0.308206
1590028811.546134 	 16.130795 	 16.359585 	 0.228790
1590028811.623394 	 16.356100 	 16.547546 	 0.191446
1590028811.638579 	 16.473855 	 16.570699 	 0.096844
1590028811.659683 	 16.505473 	 16.684471 	 0.178999
1590028811.667415 	 16.532609 	 16.684471 	 0.151863
1590028811.674991 	 16.532609 	 16.663559 	 0.130950
1590028811.746492 	 16.461159 	 16.528377 	 0.067218
1590028811.761805 	 16.487050 	 16.595097 	 0.108047
1590028811.782722 	 16.473109 	 16.606051 	 0.132942
1590028811.790635 	 16.451698 	 16.606051 	 0.154352
1590028811.798134 	 16.436014 	 16.585138 	 0.149124
1590028811.862019 	 16.553521 	 16.650614 	 0.097092
1590028811.883139 	 16.580906 	 16.675758 	 0.094852
1590028811.897643 	 16.573189 	 16.718827 	 0.145639
1590028811.905416 	 16.578914 	 16.698164 	 0.119249
1590028811.913103 	 16.578914 	 16.698164 	 0.119249
1590028811.993606 	 16.646879 	 16.760901 	 0.114021
1590028812.007852 	 16.646879 	 16.772104 	 0.125224
1590028812.022539 	 16.629203 	 16.760154 	 0.130950
1590028812.030473 	 16.653103 	 16.760154 	 0.107051
1590028812.041326 	 16.684720 	 16.774095 	 0.089375
1590028812.128825 	 16.858989 	 16.981475 	 0.122486
1590028812.143299 	 16.911767 	 17.051929 	 0.140162
1590028812.158043 	 16.972512 	 17.045456 	 0.072944
1590028812.165894 	 16.960812 	 17.045456 	 0.084645
1590028812.173488 	 16.931435 	 16.996910 	 0.065475
1590028812.255394 	 17.009856 	 17.138814 	 0.128959
1590028812.270801 	 16.959567 	 17.066866 	 0.107300
1590028812.285710 	 16.875918 	 16.975500 	 0.099582
1590028812.300419 	 16.902805 	 16.998404 	 0.095599
1590028812.308240 	 16.949609 	 17.046701 	 0.097092
1590028812.316714 	 16.949609 	 17.046701 	 0.097092
1590028812.406832 	 12.559535 	 11.584129 	 -0.975406
1590028812.421849 	 11.962043 	 10.642332 	 -1.319711
1590028812.436759 	 11.317000 	 9.895715 	 -1.421285
1590028812.444625 	 10.849711 	 9.440377 	 -1.409335
1590028812.452353 	 10.849711 	 8.501816 	 -2.347895
1590028812.462576 	 9.833726 	 8.501816 	 -1.331910
1590028812.549694 	 5.455104 	 4.866076 	 -0.589028
1590028812.573086 	 5.136690 	 4.406007 	 -0.730683
1590028812.589175 	 4.881511 	 4.415716 	 -0.465795
1590028812.597729 	 4.881511 	 4.415716 	 -0.465795
1590028812.629547 	 4.168006 	 3.909591 	 -0.258415
1590028812.645040 	 4.011164 	 3.816232 	 -0.194932
1590028812.652944 	 4.011164 	 3.816232 	 -0.194932
1590028812.663242 	 3.956643 	 3.825444 	 -0.131199
1590028812.736135 	 3.529685 	 3.496325 	 -0.033360
1590028812.751728 	 3.545369 	 3.528689 	 -0.016680
1590028812.766650 	 3.480143 	 3.485371 	 0.005228
1590028812.774603 	 3.480143 	 3.358653 	 -0.121490
1590028812.843137 	 3.210027 	 3.251104 	 0.041078
1590028812.865499 	 3.122395 	 3.171190 	 0.048795
1590028812.880519 	 3.002149 	 3.104470 	 0.102321
1590028812.888443 	 3.010614 	 3.114677 	 0.104063
1590028812.896193 	 3.006879 	 3.099242 	 0.092362
1590028812.964839 	 2.862983 	 2.969287 	 0.106304
1590028812.987299 	 2.864477 	 2.951362 	 0.086885
1590028813.002383 	 2.817923 	 2.900576 	 0.082653
1590028813.010411 	 2.802487 	 2.874186 	 0.071699
1590028813.018251 	 2.778339 	 2.846054 	 0.067716
1590028813.096407 	 2.674275 	 2.790040 	 0.115764
1590028813.119321 	 2.616269 	 2.715104 	 0.098835
1590028813.134465 	 2.613033 	 2.718589 	 0.105557
1590028813.142504 	 2.608053 	 2.700167 	 0.092113
1590028813.150351 	 2.579424 	 2.700167 	 0.120743
1590028813.177966 	 2.559507 	 2.648135 	 0.088628
1590028813.236384 	 2.505733 	 2.601332 	 0.095599
1590028813.259930 	 2.424822 	 2.527143 	 0.102321
1590028813.267886 	 2.424822 	 2.527143 	 0.102321
1590028813.275642 	 2.405155 	 2.512206 	 0.107051
1590028813.303319 	 2.369057 	 2.497766 	 0.128710
1590028813.360891 	 2.359596 	 2.456191 	 0.096595
1590028813.384033 	 2.346153 	 2.454199 	 0.108047
1590028813.392095 	 2.319763 	 2.454199 	 0.134436
1590028813.399965 	 2.319763 	 2.431793 	 0.112030
1590028813.446216 	 2.264246 	 2.393205 	 0.128959
1590028813.493539 	 2.237359 	 2.326734 	 0.089375
1590028813.509003 	 2.215202 	 2.330966 	 0.115764
1590028813.517728 	 2.203003 	 2.307316 	 0.104312
1590028813.526152 	 2.175867 	 2.307316 	 0.131448
1590028813.537672 	 2.175867 	 2.320510 	 0.144643
1590028813.619729 	 2.112384 	 2.249558 	 0.137174
1590028813.635645 	 2.103421 	 2.184332 	 0.080910
1590028813.651139 	 2.107903 	 2.177361 	 0.069458
1590028813.659238 	 2.116367 	 2.177361 	 0.060994
1590028813.667049 	 2.116367 	 2.180846 	 0.064479
1590028813.745560 	 2.044419 	 2.147487 	 0.103067
1590028813.761497 	 2.027988 	 2.129811 	 0.101823
1590028813.777645 	 2.018777 	 2.130060 	 0.111283
1590028813.785639 	 2.024005 	 2.140765 	 0.116760
1590028813.793378 	 2.023507 	 2.140765 	 0.117258
1590028813.871239 	 1.997118 	 2.100185 	 0.103067
1590028813.887201 	 1.959276 	 2.084750 	 0.125473
1590028813.902768 	 1.952057 	 2.104915 	 0.152858
1590028813.910989 	 1.952057 	 2.088235 	 0.136178
1590028813.918867 	 1.934132 	 2.071057 	 0.136925
1590028813.998105 	 1.878117 	 2.009814 	 0.131697
1590028814.014446 	 1.874881 	 1.991890 	 0.117009
1590028814.029978 	 1.886582 	 1.985915 	 0.099333
1590028814.038016 	 1.876374 	 1.985915 	 0.109540
1590028814.048898 	 1.845753 	 1.959028 	 0.113275
1590028814.124952 	 1.809654 	 1.921684 	 0.112030
1590028814.148258 	 1.781025 	 1.864674 	 0.083649
1590028814.163936 	 1.764096 	 1.875130 	 0.111034
1590028814.172085 	 1.767083 	 1.875130 	 0.108047
1590028814.180006 	 1.767083 	 1.868906 	 0.101823
1590028814.190553 	 1.762104 	 1.854466 	 0.092362
1590028814.267250 	 1.745175 	 1.861935 	 0.116760
1590028814.283601 	 1.727499 	 1.841521 	 0.114021
1590028814.299310 	 1.673476 	 1.826085 	 0.152609
1590028814.307374 	 1.688413 	 1.819613 	 0.131199
1590028814.315307 	 1.701110 	 1.819613 	 0.118503
1590028814.396048 	 1.665261 	 1.791481 	 0.126220
1590028814.412848 	 1.685426 	 1.808659 	 0.123233
1590028814.428434 	 1.626175 	 1.786751 	 0.160576
1590028814.436585 	 1.637875 	 1.786751 	 0.148875
1590028814.444364 	 1.637875 	 1.783763 	 0.145888
1590028814.526005 	 1.651568 	 1.757374 	 0.105806
1590028814.543585 	 1.632398 	 1.774054 	 0.141655
1590028814.562184 	 1.636133 	 1.782269 	 0.146137
1590028814.571422 	 1.645344 	 1.782269 	 0.136925
1590028814.580260 	 1.645344 	 1.759366 	 0.114021
1590028814.592255 	 1.594557 	 1.729491 	 0.134934
1590028814.671797 	 1.600781 	 1.698123 	 0.097341
1590028814.688224 	 1.585844 	 1.701359 	 0.115515
1590028814.704050 	 1.562691 	 1.668995 	 0.106304
1590028814.712350 	 1.562691 	 1.684430 	 0.121739
1590028814.720359 	 1.590574 	 1.684430 	 0.093856
1590028814.793786 	 1.537796 	 1.657045 	 0.119249
1590028814.818049 	 1.523107 	 1.631154 	 0.108047
1590028814.834467 	 1.502195 	 1.627419 	 0.125224
1590028814.843253 	 1.505431 	 1.627419 	 0.121988
1590028814.851826 	 1.540285 	 1.633145 	 0.092860
1590028814.862913 	 1.540285 	 1.664514 	 0.124229
1590028814.942943 	 1.493482 	 1.608001 	 0.114519
1590028814.960216 	 1.473067 	 1.606258 	 0.133191
1590028814.976665 	 1.470080 	 1.601528 	 0.131448
1590028814.985434 	 1.459375 	 1.592566 	 0.133191
1590028814.993990 	 1.459375 	 1.563189 	 0.103814
1590028815.076823 	 1.433483 	 1.555969 	 0.122486
1590028815.097977 	 1.433981 	 1.552982 	 0.119001
1590028815.115279 	 1.424272 	 1.550243 	 0.125971
1590028815.124046 	 1.421285 	 1.550243 	 0.128959
1590028815.132625 	 1.436720 	 1.555969 	 0.119249
1590028815.146567 	 1.426513 	 1.539538 	 0.113026
1590028815.228191 	 1.410082 	 1.539787 	 0.129706
1590028815.245832 	 1.406845 	 1.535057 	 0.128212
1590028815.262594 	 1.441948 	 1.521364 	 0.079417
1590028815.271450 	 1.415310 	 1.521364 	 0.106055
1590028815.280105 	 1.415061 	 1.516136 	 0.101076
1590028815.291268 	 1.410828 	 1.541281 	 0.130452
1590028815.371817 	 1.537547 	 1.650074 	 0.112528
1590028815.389166 	 1.649576 	 1.695882 	 0.046306
1590028815.405737 	 1.678704 	 1.810152 	 0.131448
1590028815.414473 	 1.952555 	 2.146491 	 0.193936
1590028815.423122 	 1.952555 	 3.027045 	 1.074490
1590028815.498569 	 5.775260 	 6.992401 	 1.217141
1590028815.524756 	 8.283980 	 9.545685 	 1.261704
1590028815.542853 	 8.734340 	 10.035379 	 1.301039
1590028815.552565 	 9.447347 	 10.732453 	 1.285106
1590028815.562229 	 10.987383 	 12.259793 	 1.272409
1590028815.571634 	 10.987383 	 12.539369 	 1.551986
1590028815.650653 	 14.294005 	 15.436709 	 1.142704
1590028815.675634 	 16.032956 	 17.019067 	 0.986111
1590028815.692424 	 16.611279 	 17.566768 	 0.955490
1590028815.701353 	 16.611279 	 17.566768 	 0.955490
1590028815.710046 	 17.269765 	 17.890908 	 0.621143
1590028815.718483 	 17.269765 	 17.890908 	 0.621143
1590028815.810642 	 19.124729 	 19.770768 	 0.646038
1590028815.819597 	 19.322648 	 19.888772 	 0.566124
1590028815.844408 	 19.735665 	 20.112334 	 0.376669
1590028815.853330 	 19.816575 	 20.124533 	 0.307957
1590028815.861998 	 19.816575 	 20.124533 	 0.307957
1590028815.870677 	 19.986363 	 20.172581 	 0.186218
1590028815.953024 	 20.175071 	 20.337638 	 0.162568
1590028815.970016 	 20.174573 	 20.301789 	 0.127216
1590028815.994827 	 20.010262 	 20.142209 	 0.131946
1590028816.003550 	 20.061298 	 20.197725 	 0.136427
1590028816.012126 	 20.061298 	 20.197725 	 0.136427
1590028816.020610 	 20.164863 	 20.239052 	 0.074189
1590028816.063703 	 20.081712 	 20.162374 	 0.080661
1590028816.128880 	 19.982379 	 20.052834 	 0.070454
1590028816.145964 	 19.948024 	 20.009764 	 0.061741
1590028816.162476 	 19.791431 	 19.876573 	 0.085143
1590028816.171224 	 19.791431 	 19.876573 	 0.085143
1590028816.179753 	 19.781722 	 19.876076 	 0.094354
1590028816.190852 	 19.796161 	 19.857653 	 0.061492
1590028816.270630 	 19.663468 	 19.747366 	 0.083898
1590028816.287624 	 19.649277 	 19.756079 	 0.106802
1590028816.303956 	 19.623137 	 19.735665 	 0.112528
1590028816.312728 	 19.613428 	 19.718238 	 0.104810
1590028816.321261 	 19.613428 	 19.718238 	 0.104810
1590028816.395848 	 19.514593 	 19.629361 	 0.114768
1590028816.420284 	 19.463806 	 19.535007 	 0.071201
1590028816.436561 	 19.449864 	 19.545712 	 0.095848
1590028816.445287 	 19.446379 	 19.559156 	 0.112777
1590028816.453775 	 19.446379 	 19.559156 	 0.112777
1590028816.464883 	 19.419990 	 19.545463 	 0.125473
1590028816.547922 	 19.345801 	 19.461316 	 0.115515
1590028816.566436 	 19.322150 	 19.424471 	 0.102321
1590028816.584331 	 19.313686 	 19.400571 	 0.086885
1590028816.593873 	 19.288293 	 19.388373 	 0.100080
1590028816.603179 	 19.275098 	 19.388373 	 0.113275
1590028816.614427 	 19.275098 	 19.401567 	 0.126469
1590028816.694068 	 19.215349 	 19.338582 	 0.123233
1590028816.711146 	 19.220577 	 19.324142 	 0.103565
1590028816.727478 	 19.201158 	 19.270866 	 0.069707
1590028816.736146 	 19.201158 	 19.270866 	 0.069707
1590028816.744611 	 19.182736 	 19.262401 	 0.079666
1590028816.826780 	 19.427956 	 19.650024 	 0.222068
1590028816.843770 	 19.582806 	 19.708031 	 0.125224
1590028816.860142 	 19.575836 	 19.761307 	 0.185472
1590028816.868817 	 19.575836 	 19.706039 	 0.130204
1590028816.877326 	 19.553430 	 19.641062 	 0.087632
1590028816.888262 	 19.553928 	 19.641062 	 0.087134
1590028816.968484 	 19.485714 	 19.598740 	 0.113026
1590028816.985866 	 19.465300 	 18.787146 	 -0.678154
1590028817.002247 	 15.969223 	 14.864610 	 -1.104614
1590028817.011173 	 14.246205 	 13.150056 	 -1.096149
1590028817.019661 	 13.690538 	 13.150056 	 -0.540481
1590028817.113590 	 8.367380 	 7.387493 	 -0.979887
1590028817.138797 	 6.539303 	 5.892269 	 -0.647034
1590028817.147448 	 6.539303 	 5.618667 	 -0.920636
1590028817.163462 	 6.283377 	 5.343821 	 -0.939556
1590028817.172163 	 6.024713 	 5.037606 	 -0.987107
1590028817.180643 	 5.638335 	 5.037606 	 -0.600729
1590028817.191715 	 5.638335 	 4.849147 	 -0.789188
1590028817.271190 	 4.460279 	 4.124190 	 -0.336089
1590028817.288243 	 4.055727 	 4.018882 	 -0.036845
1590028817.304638 	 3.950668 	 3.742791 	 -0.207877
1590028817.313400 	 3.859551 	 3.709680 	 -0.149871
1590028817.321870 	 3.859551 	 3.693995 	 -0.165555
1590028817.396728 	 3.517735 	 3.508524 	 -0.009211
1590028817.421250 	 3.471928 	 3.459480 	 -0.012448
1590028817.437685 	 3.421888 	 3.437572 	 0.015684
1590028817.446269 	 3.375084 	 3.407448 	 0.032364
1590028817.454746 	 3.375084 	 3.305874 	 -0.069210
1590028817.465784 	 3.298157 	 3.305874 	 0.007718
1590028817.549330 	 3.161481 	 3.188119 	 0.026638
1590028817.567859 	 3.102229 	 3.153514 	 0.051285
1590028817.585845 	 3.072604 	 3.102727 	 0.030124
1590028817.595258 	 3.044721 	 3.086545 	 0.041824
1590028817.604422 	 3.044721 	 3.080819 	 0.036098
1590028817.615507 	 2.995179 	 3.078081 	 0.082902
1590028817.696363 	 2.856760 	 2.940159 	 0.083400
1590028817.713451 	 2.838088 	 2.934931 	 0.096844
1590028817.730837 	 2.821408 	 2.938915 	 0.117507
1590028817.739590 	 2.821408 	 2.915015 	 0.093607
1590028817.747939 	 2.816678 	 2.915015 	 0.098337
1590028817.822936 	 2.726556 	 2.789791 	 0.063235
1590028817.847410 	 2.691453 	 2.756929 	 0.065475
1590028817.863895 	 2.677263 	 2.745477 	 0.068214
1590028817.872566 	 2.677263 	 2.740498 	 0.063235
1590028817.881107 	 2.648384 	 2.740498 	 0.092113
1590028817.892139 	 2.650127 	 2.711121 	 0.060994
1590028817.973080 	 2.548553 	 2.651372 	 0.102818
1590028817.990586 	 2.549798 	 2.630459 	 0.080661
1590028818.007135 	 2.559009 	 2.640667 	 0.081657
1590028818.015840 	 2.533865 	 2.640667 	 0.106802
1590028818.024250 	 2.530628 	 2.615771 	 0.085143
1590028818.039595 	 2.512953 	 2.625231 	 0.112279
1590028818.123328 	 2.413868 	 2.542827 	 0.128959
1590028818.140488 	 2.416358 	 2.507725 	 0.091367
1590028818.156864 	 2.399927 	 2.509716 	 0.109789
1590028818.165563 	 2.399927 	 2.509716 	 0.109789
1590028818.174024 	 2.385239 	 2.497268 	 0.112030
1590028818.249074 	 2.326485 	 2.439511 	 0.113026
1590028818.273668 	 2.301839 	 2.390467 	 0.088628
1590028818.290167 	 2.281673 	 2.389720 	 0.108047
1590028818.298892 	 2.281673 	 2.389720 	 0.108047
1590028818.307276 	 2.279682 	 2.369554 	 0.089873
1590028818.318259 	 2.252546 	 2.364824 	 0.112279
1590028818.398523 	 2.239600 	 2.340427 	 0.100827
1590028818.415577 	 2.224414 	 2.340676 	 0.116262
1590028818.432035 	 2.216696 	 2.293374 	 0.076678
1590028818.440772 	 2.208232 	 2.301092 	 0.092860
1590028818.449295 	 2.208232 	 2.307565 	 0.099333
1590028818.498593 	 2.171884 	 2.286652 	 0.114768
1590028818.552950 	 2.158441 	 2.237857 	 0.079417
1590028818.562710 	 2.142756 	 2.226903 	 0.084147
1590028818.580278 	 2.118857 	 2.198771 	 0.079915
1590028818.589848 	 2.113380 	 2.203501 	 0.090122
1590028818.599031 	 2.092467 	 2.195286 	 0.102818
1590028818.649219 	 2.054128 	 2.170141 	 0.116013
1590028818.699504 	 2.024254 	 2.141512 	 0.117258
1590028818.708150 	 2.029731 	 2.130309 	 0.100578
1590028818.724356 	 2.023258 	 2.129064 	 0.105806
1590028818.733101 	 2.012553 	 2.119852 	 0.107300
1590028818.741662 	 2.012553 	 2.119852 	 0.107300
1590028818.825312 	 1.972471 	 2.105911 	 0.133440
1590028818.842719 	 1.974712 	 2.078028 	 0.103316
1590028818.859136 	 1.964007 	 2.033963 	 0.069956
1590028818.867812 	 1.945335 	 2.045166 	 0.099831
1590028818.876193 	 1.945335 	 2.045166 	 0.099831
1590028818.887207 	 1.961268 	 2.056867 	 0.095599
1590028818.967329 	 1.920439 	 1.998860 	 0.078421
1590028818.984437 	 1.918448 	 2.008321 	 0.089873
1590028819.000917 	 1.881851 	 1.995873 	 0.114021
1590028819.009672 	 1.881851 	 1.995873 	 0.114021
1590028819.018242 	 1.867910 	 1.974214 	 0.106304
1590028819.102436 	 1.863429 	 1.941850 	 0.078421
1590028819.126951 	 1.837537 	 1.935875 	 0.098337
1590028819.143362 	 1.830567 	 1.923178 	 0.092611
1590028819.152137 	 1.827081 	 1.914465 	 0.087383
1590028819.160592 	 1.816874 	 1.914465 	 0.097590
1590028819.169069 	 1.816874 	 1.901270 	 0.084396
1590028819.251808 	 1.784510 	 1.883096 	 0.098586
1590028819.268978 	 1.778037 	 1.898531 	 0.120494
1590028819.285365 	 1.771315 	 1.883843 	 0.112528
1590028819.293416 	 1.772560 	 1.883843 	 0.111283
1590028819.301326 	 1.772560 	 1.869155 	 0.096595
1590028819.330298 	 1.762353 	 1.885586 	 0.123233
1590028819.391574 	 1.747167 	 1.857454 	 0.110287
1590028819.407967 	 1.735964 	 1.866665 	 0.130701
1590028819.423905 	 1.758121 	 1.861188 	 0.103067
1590028819.432071 	 1.742686 	 1.848243 	 0.105557
1590028819.440015 	 1.742686 	 1.848243 	 0.105557
1590028819.523862 	 1.687418 	 1.813887 	 0.126469
1590028819.541765 	 1.671733 	 1.800941 	 0.129208
1590028819.559062 	 1.697625 	 1.777539 	 0.079915
1590028819.567832 	 1.695633 	 1.783514 	 0.087881
1590028819.576368 	 1.672480 	 1.783514 	 0.111034
1590028819.587811 	 1.679700 	 1.779531 	 0.099831
1590028819.670641 	 1.630158 	 1.765838 	 0.135681
1590028819.687497 	 1.625677 	 1.704346 	 0.078670
1590028819.703317 	 1.675717 	 1.720777 	 0.045061
1590028819.711499 	 1.656298 	 1.720777 	 0.064479
1590028819.719397 	 1.656298 	 1.740196 	 0.083898
1590028819.801865 	 1.645593 	 1.745424 	 0.099831
1590028819.818270 	 1.662273 	 1.743432 	 0.081159
1590028819.834336 	 1.663269 	 1.772809 	 0.109540
1590028819.842497 	 1.680696 	 1.772809 	 0.092113
1590028819.850419 	 1.680696 	 1.781274 	 0.100578
1590028819.880038 	 1.696380 	 1.791232 	 0.094852
1590028819.942393 	 1.724512 	 1.837786 	 0.113275
1590028819.959574 	 1.725508 	 1.818368 	 0.092860
1590028819.976137 	 1.705591 	 1.803182 	 0.097590
1590028819.984739 	 1.705591 	 1.803182 	 0.097590
1590028819.993322 	 1.703849 	 1.803182 	 0.099333
1590028820.076814 	 1.660281 	 1.796460 	 0.136178
1590028820.097370 	 1.661277 	 1.776543 	 0.115266
1590028820.114722 	 1.647336 	 1.733474 	 0.086138
1590028820.123525 	 1.650572 	 1.740196 	 0.089624
1590028820.132010 	 1.650572 	 1.734719 	 0.084147
1590028820.145894 	 1.637627 	 1.785257 	 0.147630
1590028820.227013 	 1.605013 	 1.706836 	 0.101823
1590028820.244083 	 1.600532 	 1.718786 	 0.118254
1590028820.260707 	 1.602524 	 1.692148 	 0.089624
1590028820.269466 	 1.602524 	 1.694886 	 0.092362
1590028820.277876 	 1.579371 	 1.688164 	 0.108793
1590028820.288909 	 1.612233 	 1.688164 	 0.075931
1590028820.370415 	 1.564932 	 1.659037 	 0.094105
1590028820.387425 	 1.570160 	 1.632647 	 0.062488
1590028820.403999 	 1.537796 	 1.647087 	 0.109291
1590028820.412719 	 1.537796 	 1.639369 	 0.101574
1590028820.421221 	 1.538293 	 1.639369 	 0.101076
1590028820.496854 	 1.510659 	 1.635386 	 0.124726
1590028820.522694 	 1.705591 	 1.968239 	 0.262648
1590028820.540771 	 2.523907 	 2.827632 	 0.303725
1590028820.550548 	 2.523907 	 3.593667 	 1.069760
1590028820.560160 	 3.045219 	 4.801348 	 1.756129
1590028820.569520 	 3.858306 	 4.801348 	 0.943042
1590028820.648856 	 8.385554 	 9.628836 	 1.243282
1590028820.673647 	 11.183809 	 12.752475 	 1.568666
1590028820.690301 	 11.733253 	 13.203582 	 1.470329
1590028820.699020 	 12.551568 	 14.059240 	 1.507672
1590028820.707411 	 12.551568 	 15.869393 	 3.317824
1590028820.718345 	 14.333589 	 15.869393 	 1.535804
1590028820.800554 	 18.212558 	 19.891262 	 1.678704
1590028820.817938 	 18.767479 	 20.902019 	 2.134541
1590028820.834615 	 20.203202 	 21.191305 	 0.988103
1590028820.843406 	 20.203202 	 21.579177 	 1.375975
1590028820.851891 	 20.585100 	 21.579177 	 0.994078
1590028820.862950 	 21.455944 	 22.317080 	 0.861136
1590028820.952245 	 22.986520 	 23.742846 	 0.756326
1590028820.969457 	 23.456299 	 23.792886 	 0.336587
1590028820.986059 	 23.527251 	 23.812553 	 0.285303
1590028820.994685 	 23.610402 	 23.867323 	 0.256922
1590028821.003181 	 23.610402 	 23.985577 	 0.375175
1590028821.014495 	 23.873796 	 23.985577 	 0.111781
1590028821.112032 	 23.954458 	 24.072960 	 0.118503
1590028821.129230 	 24.065243 	 24.100594 	 0.035352
1590028821.145809 	 24.054787 	 24.151879 	 0.097092
1590028821.154400 	 23.973627 	 24.062006 	 0.088379
1590028821.162873 	 23.973627 	 24.062006 	 0.088379
1590028821.171354 	 23.722929 	 23.956947 	 0.234018
1590028821.254589 	 23.955204 	 24.122502 	 0.167298
1590028821.271434 	 23.910393 	 23.842428 	 -0.067965
1590028821.296474 	 23.702515 	 23.815541 	 0.113026
1590028821.305186 	 23.754049 	 23.859606 	 0.105557
1590028821.313623 	 23.754049 	 24.047567 	 0.293518
1590028821.322096 	 23.940267 	 24.047567 	 0.107300
1590028821.408029 	 23.815292 	 23.917612 	 0.102321
1590028821.433242 	 23.789898 	 23.936782 	 0.146883
1590028821.442004 	 23.771476 	 23.936782 	 0.165306
1590028821.458211 	 23.773965 	 23.904418 	 0.130452
1590028821.466963 	 23.744340 	 23.848652 	 0.104312
1590028821.475355 	 23.682599 	 23.751061 	 0.068463
1590028821.504982 	 23.723178 	 23.806578 	 0.083400
1590028821.585008 	 23.583515 	 23.657952 	 0.074438
1590028821.604183 	 23.566835 	 23.645753 	 0.078919
1590028821.620832 	 23.487418 	 21.056869 	 -2.430548
1590028821.629651 	 22.067627 	 21.056869 	 -1.010758
1590028821.637981 	 19.065976 	 17.479385 	 -1.586591
1590028821.647408 	 19.065976 	 15.272647 	 -3.793329
1590028821.724797 	 12.511735 	 10.411301 	 -2.100434
1590028821.749511 	 9.771985 	 8.240662 	 -1.531323
1590028821.766043 	 9.483197 	 7.944654 	 -1.538542
1590028821.774734 	 8.932757 	 7.522427 	 -1.410331
1590028821.783288 	 7.675036 	 6.379972 	 -1.295064
1590028821.794361 	 7.675036 	 6.379972 	 -1.295064
1590028821.880901 	 5.241500 	 4.597204 	 -0.644296
1590028821.897473 	 4.975865 	 4.373394 	 -0.602471
1590028821.914113 	 4.592474 	 4.276301 	 -0.316173
1590028821.922842 	 4.586997 	 4.222776 	 -0.364221
1590028821.931385 	 4.498369 	 4.128920 	 -0.369449
1590028821.942409 	 4.498369 	 4.128920 	 -0.369449
1590028822.022817 	 3.738558 	 3.620803 	 -0.117756
1590028822.039104 	 3.537403 	 3.482882 	 -0.054521
1590028822.055644 	 3.512507 	 3.460725 	 -0.051783
1590028822.067837 	 3.483379 	 3.451762 	 -0.031617
1590028822.076322 	 3.483379 	 3.451762 	 -0.031617
1590028822.087976 	 3.436078 	 3.387781 	 -0.048297
1590028822.171713 	 3.233926 	 3.296663 	 0.062737
1590028822.187848 	 3.203056 	 3.169447 	 -0.033609
1590028822.204517 	 3.131606 	 3.162725 	 0.031119
1590028822.213325 	 3.113681 	 3.146294 	 0.032613
1590028822.221798 	 3.113681 	 3.146294 	 0.032613
1590028822.296865 	 2.956093 	 3.018580 	 0.062488
1590028822.320634 	 2.897339 	 2.974266 	 0.076927
1590028822.337289 	 2.892111 	 2.955346 	 0.063235
1590028822.345989 	 2.883398 	 2.955346 	 0.071948
1590028822.354362 	 2.883398 	 2.935927 	 0.052530
1590028822.365445 	 2.849540 	 2.914517 	 0.064977
1590028822.445532 	 2.765393 	 2.830370 	 0.064977
1590028822.461655 	 2.757426 	 2.796761 	 0.039335
1590028822.478197 	 2.697428 	 2.801491 	 0.104063
1590028822.486899 	 2.697428 	 2.787550 	 0.090122
1590028822.495425 	 2.668052 	 2.766887 	 0.098835
1590028822.586588 	 2.593614 	 2.674026 	 0.080412
1590028822.604387 	 2.588137 	 2.629961 	 0.041824
1590028822.621037 	 2.570959 	 2.636932 	 0.065973
1590028822.629829 	 2.561250 	 2.611539 	 0.050289
1590028822.638154 	 2.561250 	 2.611539 	 0.050289
1590028822.646716 	 2.551043 	 2.584154 	 0.033111
1590028822.721958 	 2.465651 	 2.565731 	 0.100080
1590028822.745574 	 2.444490 	 2.514446 	 0.069956
1590028822.761561 	 2.433038 	 2.520172 	 0.087134
1590028822.769696 	 2.433038 	 2.506729 	 0.073691
1590028822.777492 	 2.417105 	 2.476107 	 0.059002
1590028822.787902 	 2.398931 	 2.476107 	 0.077176
1590028822.866586 	 2.334203 	 2.423578 	 0.089375
1590028822.882144 	 2.332460 	 2.411877 	 0.079417
1590028822.897967 	 2.316029 	 2.398433 	 0.082404
1590028822.906025 	 2.316029 	 2.398433 	 0.082404
1590028822.913842 	 2.301839 	 2.387230 	 0.085392
1590028822.995094 	 2.271466 	 2.333705 	 0.062239
1590028823.010762 	 2.243583 	 2.318270 	 0.074687
1590028823.026553 	 2.228646 	 2.303830 	 0.075184
1590028823.034663 	 2.212215 	 2.310801 	 0.098586
1590028823.045189 	 2.215451 	 2.310801 	 0.095350
1590028823.123965 	 2.168897 	 2.291134 	 0.122237
1590028823.146918 	 2.158192 	 2.229144 	 0.070952
1590028823.162844 	 2.146740 	 2.223667 	 0.076927
1590028823.171053 	 2.146740 	 2.213709 	 0.066969
1590028823.178937 	 2.124832 	 2.213709 	 0.088877
1590028823.189446 	 2.125827 	 2.217443 	 0.091615
1590028823.268282 	 2.086990 	 2.181344 	 0.094354
1590028823.283776 	 2.070061 	 2.172133 	 0.102072
1590028823.299686 	 2.055622 	 2.165411 	 0.109789
1590028823.307686 	 2.055622 	 2.156200 	 0.100578
1590028823.315597 	 2.043423 	 2.146989 	 0.103565
1590028823.398299 	 2.022262 	 2.087488 	 0.065226
1590028823.414243 	 1.993881 	 2.087488 	 0.093607
1590028823.430137 	 1.972720 	 2.077281 	 0.104561
1590028823.438173 	 1.972720 	 2.086493 	 0.113772
1590028823.446111 	 1.960272 	 2.086493 	 0.126220
1590028823.521335 	 1.923427 	 2.043672 	 0.120245
1590028823.546351 	 1.933883 	 2.033465 	 0.099582
1590028823.563878 	 1.919693 	 2.029980 	 0.110287
1590028823.572765 	 1.919693 	 2.028984 	 0.109291
1590028823.581372 	 1.907743 	 2.028984 	 0.121241
1590028823.592963 	 1.901021 	 2.013549 	 0.112528
1590028823.673688 	 1.874134 	 1.974214 	 0.100080
1590028823.689253 	 1.873138 	 1.979193 	 0.106055
1590028823.705028 	 1.854964 	 1.958281 	 0.103316
1590028823.713150 	 1.849985 	 1.958281 	 0.108295
1590028823.721069 	 1.849985 	 1.955542 	 0.105557
1590028823.794626 	 1.827828 	 1.934879 	 0.107051
1590028823.817555 	 1.828326 	 1.922431 	 0.094105
1590028823.833388 	 1.811895 	 1.911726 	 0.099831
1590028823.841534 	 1.811895 	 1.917452 	 0.105557
1590028823.849404 	 1.815131 	 1.917452 	 0.102321
1590028823.897019 	 1.809654 	 1.902764 	 0.093109
1590028823.945821 	 1.784261 	 1.886084 	 0.101823
1590028823.961751 	 1.780278 	 1.884341 	 0.104063
1590028823.969846 	 1.753889 	 1.884341 	 0.130452
1590028823.977640 	 1.774054 	 1.886084 	 0.112030
1590028823.988120 	 1.774054 	 1.884590 	 0.110536
1590028824.067164 	 1.787249 	 1.843512 	 0.056264
1590028824.085248 	 1.724761 	 1.826334 	 0.101574
1590028824.101817 	 1.721275 	 1.831314 	 0.110038
1590028824.110003 	 1.721275 	 1.820111 	 0.098835
1590028824.117743 	 1.723765 	 1.820111 	 0.096346
1590028824.194909 	 1.721026 	 1.800443 	 0.079417
1590028824.217759 	 1.725010 	 1.793970 	 0.068961
1590028824.233590 	 1.708330 	 1.789987 	 0.081657
1590028824.241717 	 1.708330 	 1.789987 	 0.081657
1590028824.249564 	 1.703849 	 1.786502 	 0.082653
1590028824.297421 	 1.682936 	 1.778286 	 0.095350
1590028824.346295 	 1.662273 	 1.759863 	 0.097590
1590028824.362238 	 1.669493 	 1.760361 	 0.090869
1590028824.370416 	 1.666007 	 1.781771 	 0.115764
1590028824.378208 	 1.666007 	 1.788244 	 0.122237
1590028824.388673 	 1.654058 	 1.788244 	 0.134187
1590028824.468808 	 1.614474 	 1.735217 	 0.120743
1590028824.484687 	 1.605262 	 1.729740 	 0.124478
1590028824.500594 	 1.594059 	 1.727499 	 0.133440
1590028824.508673 	 1.594059 	 1.727499 	 0.133440
1590028824.517361 	 1.601528 	 1.717790 	 0.116262
1590028824.607223 	 1.558708 	 1.681443 	 0.122735
1590028824.622898 	 1.552484 	 1.682438 	 0.129955
1590028824.638903 	 1.581363 	 1.689160 	 0.107798
1590028824.646986 	 1.562940 	 1.676961 	 0.114021
1590028824.654858 	 1.562940 	 1.676961 	 0.114021
1590028824.665323 	 1.549994 	 1.666505 	 0.116511
1590028824.744217 	 1.494726 	 1.606258 	 0.111532
1590028824.759777 	 1.485266 	 1.602026 	 0.116760
1590028824.775583 	 1.459624 	 1.561944 	 0.102321
1590028824.783620 	 1.472071 	 1.575139 	 0.103067
1590028824.791574 	 1.472071 	 1.575139 	 0.103067
1590028824.873110 	 1.416554 	 1.512153 	 0.095599
1590028824.888553 	 1.446180 	 1.566923 	 0.120743
1590028824.904494 	 1.445184 	 1.563936 	 0.118752
1590028824.912694 	 1.445184 	 1.563936 	 0.118752
1590028824.920621 	 1.437716 	 1.542526 	 0.104810
1590028825.002239 	 1.290832 	 1.367510 	 0.076678
1590028825.017802 	 1.234070 	 1.319711 	 0.085641
1590028825.033751 	 1.295313 	 1.416803 	 0.121490
1590028825.041920 	 1.356556 	 1.496718 	 0.140162
1590028825.052496 	 1.412571 	 1.527588 	 0.115017
1590028825.063533 	 1.429500 	 1.523854 	 0.094354
1590028825.154694 	 1.498212 	 1.618706 	 0.120494
1590028825.170296 	 1.514394 	 1.623187 	 0.108793
1590028825.186108 	 1.519124 	 1.619702 	 0.100578
1590028825.194216 	 1.519124 	 1.619702 	 0.100578
1590028825.202145 	 1.518377 	 1.619951 	 0.101574
1590028825.212625 	 1.487756 	 1.560450 	 0.072695
1590028825.292625 	 1.433483 	 1.538293 	 0.104810
1590028825.308455 	 1.421533 	 1.529829 	 0.108295
1590028825.324389 	 1.389667 	 1.514643 	 0.124975
1590028825.332518 	 1.408090 	 1.513647 	 0.105557
1590028825.340501 	 1.408090 	 1.513647 	 0.105557
1590028825.422300 	 1.695882 	 1.814883 	 0.119001
1590028825.437789 	 1.768577 	 1.851728 	 0.083151
1590028825.453720 	 1.735217 	 1.864674 	 0.129457
1590028825.461988 	 1.735217 	 1.864674 	 0.129457
1590028825.469889 	 1.730736 	 1.828326 	 0.097590
1590028825.555953 	 1.639867 	 1.737457 	 0.097590
1590028825.573018 	 1.644597 	 1.740196 	 0.095599
1590028825.590414 	 1.580865 	 1.626175 	 0.045310
1590028825.599181 	 1.491490 	 1.626175 	 0.134685
1590028825.607331 	 1.491490 	 1.535057 	 0.043567
1590028825.617666 	 1.367012 	 1.483523 	 0.116511
1590028825.696945 	 1.710570 	 1.866665 	 0.156095
1590028825.712521 	 1.796958 	 1.912473 	 0.115515
1590028825.729177 	 1.881105 	 1.974712 	 0.093607
1590028825.737217 	 1.876374 	 1.951808 	 0.075433
1590028825.745011 	 1.832309 	 1.951808 	 0.119498
1590028825.826590 	 1.929402 	 2.001101 	 0.071699
1590028825.842143 	 1.894050 	 1.864674 	 -0.029377
1590028825.857925 	 1.645095 	 1.823596 	 0.178501
1590028825.865986 	 1.721026 	 1.823596 	 0.102569
1590028825.873740 	 1.721026 	 1.868159 	 0.147132
1590028825.947687 	 1.570409 	 1.728744 	 0.158335
1590028825.970671 	 1.488502 	 1.531074 	 0.042571
1590028825.986454 	 1.461864 	 1.541530 	 0.079666
1590028825.994558 	 1.461864 	 1.581861 	 0.119996
1590028826.002447 	 1.511157 	 1.581861 	 0.070703
1590028826.013040 	 1.499705 	 1.650572 	 0.150867
1590028826.099732 	 1.793970 	 1.925916 	 0.131946
1590028826.115130 	 1.808659 	 1.924174 	 0.115515
1590028826.130979 	 1.786253 	 1.992139 	 0.205886
1590028826.139129 	 1.870151 	 2.054626 	 0.184476
1590028826.146933 	 1.987906 	 2.054626 	 0.066720
1590028826.221729 	 2.060601 	 2.170639 	 0.110038
1590028826.245228 	 1.936124 	 2.128566 	 0.192442
1590028826.261126 	 1.953053 	 2.031224 	 0.078172
1590028826.269291 	 1.933136 	 2.031224 	 0.098088
1590028826.277112 	 1.933136 	 2.070808 	 0.137672
1590028826.287417 	 2.064584 	 2.218439 	 0.153854
1590028826.368160 	 2.166407 	 2.283665 	 0.117258
1590028826.383694 	 2.175867 	 2.277441 	 0.101574
1590028826.399820 	 2.128068 	 2.223169 	 0.095101
1590028826.407835 	 2.128068 	 2.212464 	 0.084396
1590028826.415689 	 2.110641 	 2.212464 	 0.101823
1590028826.497442 	 1.986164 	 2.139769 	 0.153605
1590028826.513281 	 1.932140 	 2.057365 	 0.125224
1590028826.530606 	 1.887577 	 2.011308 	 0.123731
1590028826.539548 	 1.890316 	 2.011308 	 0.120992
1590028826.547985 	 1.889320 	 2.000354 	 0.111034
1590028826.627303 	 1.722520 	 1.836044 	 0.113524
1590028826.650620 	 1.681443 	 1.762353 	 0.080910
1590028826.666638 	 1.680447 	 1.769822 	 0.089375
1590028826.674850 	 1.677459 	 1.769822 	 0.092362
1590028826.682707 	 1.719035 	 1.805920 	 0.086885
1590028826.690747 	 1.719035 	 1.850732 	 0.131697
1590028826.774734 	 1.697127 	 1.792726 	 0.095599
1590028826.791025 	 1.785008 	 1.836542 	 0.051534
1590028826.807704 	 1.787000 	 1.895046 	 0.108047
1590028826.816439 	 1.739947 	 1.857703 	 0.117756
1590028826.824821 	 1.739947 	 1.784759 	 0.044812
1590028826.855280 	 1.631154 	 1.715052 	 0.083898
1590028826.917282 	 1.713309 	 1.794219 	 0.080910
1590028826.933609 	 1.686671 	 1.725259 	 0.038588
1590028826.950319 	 1.626672 	 1.705840 	 0.079168
1590028826.958381 	 1.626672 	 1.697127 	 0.070454
1590028826.966343 	 1.594806 	 1.697127 	 0.102321
1590028827.057260 	 1.982927 	 2.133296 	 0.150369
1590028827.076141 	 1.773058 	 1.902764 	 0.129706
1590028827.097502 	 1.739200 	 1.808659 	 0.069458
1590028827.109063 	 1.739200 	 2.004337 	 0.265137
1590028827.116820 	 1.924423 	 2.004337 	 0.079915
1590028827.124745 	 2.065580 	 2.217443 	 0.151863
1590028827.140585 	 1.964256 	 2.084252 	 0.119996
1590028827.229041 	 1.829571 	 1.927659 	 0.098088
1590028827.245657 	 1.864425 	 1.943841 	 0.079417
1590028827.262195 	 1.847496 	 1.913220 	 0.065724
1590028827.270797 	 1.783763 	 1.874383 	 0.090620
1590028827.278940 	 1.783763 	 1.874383 	 0.090620
1590028827.290033 	 1.671733 	 1.841521 	 0.169787
1590028827.371659 	 1.948322 	 2.036204 	 0.087881
1590028827.387766 	 1.800941 	 1.889320 	 0.088379
1590028827.403913 	 1.527588 	 1.672480 	 0.144892
1590028827.412341 	 1.527588 	 1.672480 	 0.144892
1590028827.420445 	 1.576135 	 1.679949 	 0.103814
1590028827.496843 	 1.232826 	 1.157890 	 -0.074935
1590028827.527077 	 0.726700 	 0.771263 	 0.044563
1590028827.545084 	 0.554672 	 0.626620 	 0.071948
1590028827.554076 	 0.218334 	 0.459073 	 0.240740
1590028827.564403 	 0.152361 	 0.175015 	 0.022655
1590028827.573448 	 0.152361 	 0.175015 	 0.022655
1590028827.634563 	 0.149373 	 0.261403 	 0.112030
1590028827.678048 	 -0.497163 	 -0.400818 	 0.096346
1590028827.694331 	 -0.522557 	 -0.430941 	 0.091615
1590028827.710808 	 -0.416004 	 -0.241735 	 0.174269
1590028827.719165 	 -0.353765 	 -0.241735 	 0.112030
1590028827.727293 	 -0.164310 	 -0.058007 	 0.106304
1590028827.738129 	 0.208624 	 0.349035 	 0.140411
1590028827.828953 	 1.639867 	 1.743183 	 0.103316
1590028827.845041 	 1.927410 	 1.860441 	 -0.066969
1590028827.861435 	 2.003590 	 2.097447 	 0.093856
1590028827.869769 	 2.003590 	 2.097447 	 0.093856
1590028827.877787 	 2.110641 	 2.241592 	 0.130950
1590028827.888613 	 2.317274 	 2.456440 	 0.139166
1590028827.970774 	 2.307565 	 2.458680 	 0.151116
1590028827.986938 	 2.459178 	 2.561250 	 0.102072
1590028828.003091 	 2.447477 	 2.469385 	 0.021908
1590028828.011672 	 2.305573 	 2.368061 	 0.062488
1590028828.019747 	 2.201012 	 2.368061 	 0.167049
1590028828.103505 	 2.095455 	 2.214704 	 0.119249
1590028828.127472 	 2.091721 	 2.160183 	 0.068463
1590028828.143940 	 1.969235 	 2.029731 	 0.060496
1590028828.152367 	 1.969235 	 2.029731 	 0.060496
1590028828.160799 	 1.802186 	 1.855213 	 0.053027
1590028828.168855 	 1.610490 	 1.716047 	 0.105557
1590028828.253673 	 1.736462 	 1.828824 	 0.092362
1590028828.269790 	 1.788493 	 1.884839 	 0.096346
1590028828.286177 	 1.755631 	 1.832558 	 0.076927
1590028828.294439 	 1.715052 	 1.793970 	 0.078919
1590028828.302519 	 1.716047 	 1.781771 	 0.065724
1590028828.313491 	 1.716047 	 1.781771 	 0.065724
1590028828.395499 	 1.333403 	 1.333652 	 0.000249
1590028828.411620 	 1.426762 	 1.618706 	 0.191944
1590028828.427863 	 1.613478 	 1.668497 	 0.055019
1590028828.436346 	 1.676712 	 1.668497 	 -0.008216
1590028828.444376 	 1.676712 	 1.792228 	 0.115515
1590028828.531239 	 2.489053 	 2.572453 	 0.083400
1590028828.548496 	 2.528637 	 2.627721 	 0.099084
1590028828.566688 	 2.667554 	 2.747966 	 0.080412
1590028828.575771 	 2.687968 	 2.743485 	 0.055517
1590028828.584499 	 2.649131 	 2.683985 	 0.034854
1590028828.594237 	 2.649131 	 2.683985 	 0.034854
1590028828.679924 	 -5.478505 	 -7.515705 	 -2.037199
1590028828.696003 	 -6.278149 	 -8.165727 	 -1.887577
1590028828.712453 	 -7.527655 	 -8.973088 	 -1.445433
1590028828.720774 	 -7.791796 	 -9.070429 	 -1.278633
1590028828.728916 	 -7.902332 	 -9.070429 	 -1.168097
1590028828.739842 	 -7.902332 	 -8.990017 	 -1.087685
1590028828.838468 	 -8.803301 	 -9.000473 	 -0.197172
1590028828.854928 	 -8.950931 	 -9.288265 	 -0.337334
1590028828.871312 	 -9.181961 	 -9.323368 	 -0.141406
1590028828.879658 	 -9.249179 	 -9.323368 	 -0.074189
1590028828.887747 	 -9.249179 	 -9.411996 	 -0.162817
1590028828.895764 	 -9.314405 	 -9.597716 	 -0.283311
1590028828.992588 	 -10.161102 	 -10.418770 	 -0.257669
1590028829.001024 	 -10.269148 	 -10.418770 	 -0.149622
1590028829.017098 	 -10.526817 	 -10.759590 	 -0.232773
1590028829.033478 	 -10.584574 	 -10.773033 	 -0.188459
1590028829.041852 	 -10.635859 	 -10.816102 	 -0.180243
1590028829.053798 	 -10.773282 	 -10.816102 	 -0.042820
1590028829.065118 	 -10.753366 	 -10.876100 	 -0.122735
1590028829.159636 	 -10.989126 	 -10.911452 	 0.077674
1590028829.176297 	 -10.975931 	 -10.858425 	 0.117507
1590028829.193699 	 -10.886806 	 -10.844483 	 0.042322
1590028829.202362 	 -10.937592 	 -10.844483 	 0.093109
1590028829.210815 	 -10.971201 	 -10.862657 	 0.108544
1590028829.225311 	 -11.005308 	 -10.893029 	 0.112279
1590028829.243421 	 -10.974936 	 -10.876100 	 0.098835
1590028829.335935 	 -11.027714 	 -10.936348 	 0.091367
1590028829.352589 	 -11.039913 	 -10.959998 	 0.079915
1590028829.370176 	 -11.051365 	 -10.942074 	 0.109291
1590028829.378955 	 -11.035432 	 -10.944812 	 0.090620
1590028829.387420 	 -11.061821 	 -10.944812 	 0.117009
1590028829.424562 	 -11.132524 	 -11.031946 	 0.100578
1590028829.433207 	 -11.146964 	 -11.024478 	 0.122486
1590028829.454048 	 -11.172108 	 -11.075016 	 0.097092
1590028829.541049 	 -11.307789 	 -11.210696 	 0.097092
1590028829.570918 	 -11.372268 	 -11.273931 	 0.098337
1590028829.589263 	 -11.409860 	 -11.304801 	 0.105059
1590028829.607681 	 -11.460149 	 -11.488032 	 -0.027883
1590028829.637278 	 -11.700391 	 -11.756157 	 -0.055766
1590028829.645905 	 -11.808686 	 -11.756157 	 0.052530
1590028829.654058 	 -11.969013 	 -11.880136 	 0.088877
